3142
101396501,11.59651,48.15007;
102684139,11.59277,48.14336;
102684146,11.59046,48.14393;
102684614,11.59233,48.14511;
102690233,11.59532,48.14855;
102840872,11.59979,48.15963;
102843123,11.58881,48.15671;
102854151,11.59537,48.15076;
102854155,11.59526,48.15068;
102866558,11.60001,48.15378;
102866563,11.59985,48.15397;
106226429,11.59717,48.15251;
106226434,11.59772,48.15229;
106226443,11.59754,48.15236;
106226453,11.59751,48.15229;
106226460,11.59771,48.15221;
106237762,11.59749,48.14964;
106237768,11.59748,48.14966;
11309019,11.54073,48.16372;
11310367,11.56389,48.14591;
11310368,11.56277,48.14418;
11584239,11.55816,48.17568;
115917151,11.59567,48.15201;
11594659,11.55645,48.14259;
11594660,11.55954,48.14286;
11594661,11.55901,48.14205;
115958871,11.59460,48.14885;
115958874,11.59440,48.14850;
115976163,11.59516,48.14909;
115976167,11.59555,48.14931;
115976169,11.59608,48.14969;
115976171,11.59661,48.15004;
118185197,11.59417,48.15157;
11840630,11.53749,48.15798;
123995240,11.58771,48.15327;
124303758,11.58659,48.13492;
125070955,11.58292,48.13389;
126222153,11.60069,48.15369;
130074540,11.55320,48.13613;
130348221,11.56890,48.14895;
130353863,11.56927,48.14953;
130359281,11.56810,48.14774;
130401448,11.56848,48.14831;
13883759,11.58119,48.16638;
13883760,11.58388,48.16569;
13883761,11.58332,48.16475;
13883762,11.58374,48.16425;
13883763,11.58421,48.16432;
13883942,11.55454,48.14658;
13883943,11.55808,48.14554;
13883946,11.56001,48.15765;
13883947,11.56224,48.15717;
13888123,11.56291,48.14902;
15752367,11.54438,48.16975;
15752369,11.54509,48.16983;
15752372,11.54598,48.16997;
15752376,11.54656,48.17011;
15752377,11.54711,48.17024;
15752379,11.54751,48.17025;
15752380,11.54784,48.17032;
15752382,11.54822,48.17052;
15752512,11.55027,48.16861;
15752514,11.54997,48.16895;
15752516,11.54962,48.16941;
15752518,11.54937,48.16988;
15752520,11.54920,48.17022;
15752523,11.54891,48.17062;
15752715,11.54801,48.17114;
15752717,11.54835,48.17090;
15752719,11.54866,48.17069;
15863378,11.58254,48.12692;
158710133,11.54424,48.17097;
158710134,11.54472,48.17122;
158710135,11.54519,48.17147;
158710214,11.54294,48.17075;
158710215,11.54326,48.17068;
158710216,11.54360,48.17068;
158710249,11.54323,48.17068;
158712158,11.54930,48.16999;
158712202,11.54954,48.16956;
158713111,11.55430,48.16781;
158723689,11.55267,48.16323;
158724870,11.55079,48.16620;
158724922,11.55161,48.16481;
158728541,11.54435,48.17397;
158736794,11.55027,48.16796;
158739461,11.56093,48.17029;
16259158,11.54816,48.17591;
16259177,11.54729,48.17556;
16259179,11.53789,48.16244;
16259202,11.54459,48.17431;
16259208,11.54428,48.17382;
16259215,11.54204,48.17224;
16259217,11.54592,48.17488;
16259225,11.55340,48.16836;
16259227,11.54269,48.17080;
16259231,11.54566,48.17152;
16259241,11.54865,48.17001;
16259246,11.54150,48.17071;
16259250,11.54719,48.17113;
16259253,11.54780,48.17085;
16259265,11.54259,48.17375;
16259269,11.54301,48.17417;
16259284,11.55111,48.16821;
16259300,11.54562,48.17480;
16259312,11.55090,48.17588;
16259316,11.55286,48.16839;
16259319,11.54451,48.17233;
16259321,11.54215,48.17163;
16259330,11.55458,48.16757;
16259352,11.55317,48.16506;
16259362,11.55050,48.16820;
16259366,11.54980,48.16841;
16259369,11.54495,48.17188;
16259378,11.54763,48.17575;
16259380,11.54383,48.16724;
16259384,11.54699,48.17533;
16259391,11.54488,48.17453;
16259394,11.55210,48.16831;
16259397,11.54418,48.17312;
16259417,11.54931,48.16891;
16259427,11.54214,48.17280;
16259430,11.53998,48.16646;
16259438,11.54845,48.17027;
16259444,11.54233,48.17337;
16259494,11.54646,48.17501;
16259521,11.54864,48.17595;
16259530,11.54634,48.17135;
16259534,11.55383,48.16818;
16259541,11.54468,48.16983;
16259542,11.54210,48.16910;
16527601,11.56148,48.16000;
16527603,11.55679,48.16132;
16527604,11.55311,48.16122;
16527605,11.55590,48.15885;
16527606,11.55772,48.15982;
16527607,11.55852,48.16028;
16527608,11.55893,48.16085;
16527609,11.55987,48.16053;
16527610,11.55952,48.15999;
16527613,11.55838,48.15937;
16527614,11.55969,48.16023;
16527615,11.55813,48.16007;
16527617,11.55659,48.16088;
16527618,11.55678,48.16098;
16527619,11.55679,48.16116;
16527625,11.55264,48.15230;
16527626,11.55198,48.15175;
16527627,11.55068,48.15250;
16527628,11.54890,48.15106;
16527629,11.56218,48.16629;
16527630,11.56474,48.16634;
16527631,11.56271,48.16463;
16527632,11.56228,48.16214;
16527633,11.56372,48.16192;
16527634,11.56272,48.16364;
16527635,11.56423,48.16350;
16527636,11.55894,48.16864;
16527637,11.55974,48.16631;
16527638,11.55833,48.16609;
16527640,11.55854,48.16552;
16527642,11.56024,48.16500;
16527643,11.55992,48.16578;
16527646,11.55962,48.16682;
16527648,11.55942,48.16733;
16527653,11.55926,48.16782;
16527656,11.55461,48.16505;
16527660,11.55558,48.16506;
16527661,11.55491,48.16710;
16527665,11.55627,48.16732;
16527667,11.55666,48.16639;
16527673,11.55969,48.16861;
16527676,11.56088,48.16467;
16527677,11.56047,48.16466;
16527680,11.56049,48.16601;
16527685,11.55029,48.16787;
16527688,11.55042,48.16722;
16527691,11.55072,48.16672;
16527692,11.55078,48.16631;
16527694,11.55083,48.16587;
16527696,11.55101,48.16554;
16527699,11.55137,48.16525;
16527701,11.55156,48.16495;
16527709,11.55167,48.16463;
16527711,11.55182,48.16433;
16527712,11.55206,48.16393;
16527714,11.55195,48.16415;
16527715,11.55215,48.16370;
16527718,11.55239,48.16345;
16527735,11.55288,48.16505;
16527736,11.56096,48.17005;
16527737,11.56365,48.17003;
16527738,11.56375,48.16913;
16527739,11.56063,48.17161;
17207055,11.54554,48.13580;
173668720,11.56667,48.15543;
173668742,11.56708,48.15523;
173668752,11.56698,48.15579;
173668764,11.56609,48.15589;
18220767,11.57882,48.13343;
18220770,11.58032,48.13225;
18221044,11.59768,48.13495;
18229383,11.56448,48.17007;
18280273,11.57674,48.14762;
18280280,11.58223,48.15211;
18280286,11.56800,48.14758;
18280287,11.56936,48.14966;
18280289,11.55986,48.14436;
18290978,11.55584,48.14401;
18290981,11.58182,48.14353;
18290982,11.57840,48.14433;
18290985,11.58336,48.13850;
18291215,11.58198,48.15234;
18291216,11.58169,48.15237;
18291268,11.56915,48.14092;
18291522,11.55958,48.14513;
18292140,11.58114,48.13761;
18292141,11.58074,48.13688;
18292142,11.58150,48.13694;
18292144,11.58175,48.13679;
18292146,11.58281,48.13609;
18292147,11.58322,48.13585;
18292149,11.58162,48.13757;
18292150,11.58174,48.13884;
18292153,11.57826,48.14024;
18292189,11.57835,48.13946;
18292191,11.57786,48.13956;
18292347,11.59645,48.13596;
18327573,11.59299,48.12703;
18327576,11.58346,48.12652;
18575310,11.57530,48.15966;
18578408,11.56683,48.16068;
185840092,11.56638,48.13658;
185850909,11.57073,48.13388;
185852955,11.57538,48.13529;
185853747,11.57421,48.13439;
185928309,11.58129,48.15690;
185933605,11.57971,48.15666;
185934229,11.57965,48.15624;
185935048,11.57957,48.15569;
185978484,11.58066,48.15041;
185979541,11.58098,48.15103;
185983255,11.57888,48.15085;
185985861,11.57858,48.15036;
185998437,11.57914,48.14940;
186118405,11.57956,48.15563;
186151477,11.53950,48.17044;
186151700,11.53915,48.17036;
186151701,11.53886,48.17034;
186154803,11.53931,48.17038;
186181395,11.53967,48.16872;
186182675,11.53941,48.16982;
186182841,11.53953,48.16896;
186186367,11.54033,48.17057;
186189158,11.54294,48.17090;
186189160,11.54350,48.17103;
186189532,11.54250,48.17100;
186190719,11.54530,48.17154;
186191955,11.54625,48.17136;
186193434,11.54447,48.17110;
186193890,11.54441,48.17107;
186199878,11.54322,48.17433;
186200673,11.54385,48.17443;
186200675,11.54453,48.17447;
186201309,11.54446,48.17449;
186204703,11.54463,48.17445;
186210020,11.54243,48.17108;
186210177,11.54228,48.17136;
186210977,11.54209,48.17196;
186211198,11.54205,48.17230;
186211596,11.54211,48.17263;
186211858,11.54217,48.17293;
186212010,11.54225,48.17322;
186212091,11.54245,48.17357;
186214525,11.54296,48.17412;
186215069,11.54267,48.17385;
18668562,11.57139,48.14166;
18668563,11.57094,48.14223;
18668573,11.57327,48.14219;
18926919,11.58180,48.13535;
18926924,11.56995,48.13510;
18926929,11.57208,48.13524;
18926931,11.57168,48.13517;
18926932,11.57066,48.13452;
18926934,11.56944,48.13489;
18926937,11.57023,48.13422;
18926938,11.56798,48.13405;
18929524,11.56912,48.13751;
18929527,11.56517,48.13666;
18929535,11.57074,48.13858;
18929536,11.57148,48.13959;
18930394,11.57142,48.13725;
18930396,11.57885,48.13614;
18930532,11.57408,48.13542;
18930997,11.56676,48.13631;
18930998,11.56641,48.13626;
18931000,11.56708,48.13468;
18931002,11.56606,48.13660;
18931604,11.56681,48.13797;
18931608,11.56841,48.13624;
18931611,11.57012,48.13611;
18931612,11.56755,48.13476;
18932287,11.58356,48.13408;
18933342,11.58144,48.13525;
18933344,11.58148,48.13506;
18933347,11.58199,48.13529;
18933648,11.58154,48.13536;
18938393,11.56897,48.13276;
18938643,11.57055,48.13218;
18938645,11.57131,48.13375;
18941886,11.57922,48.14410;
18941916,11.58071,48.14377;
18953988,11.57868,48.13788;
18953989,11.57911,48.13846;
18953991,11.57926,48.13841;
18953992,11.57999,48.13823;
18953993,11.58008,48.13812;
18953996,11.57962,48.13759;
18953997,11.58026,48.13728;
18954572,11.57991,48.13914;
18954573,11.57966,48.13881;
18959563,11.57302,48.13907;
18961433,11.57218,48.13729;
19082620,11.57632,48.13184;
19082621,11.57575,48.13155;
19082622,11.57630,48.13153;
19082627,11.57608,48.13193;
19082628,11.57593,48.13192;
19082630,11.57637,48.13161;
19082637,11.57585,48.13149;
19082638,11.57569,48.13173;
19082640,11.57618,48.13147;
19082641,11.57601,48.13145;
19082643,11.57638,48.13177;
19082645,11.57570,48.13163;
19082646,11.57622,48.13189;
19082648,11.57639,48.13170;
19082649,11.57617,48.13248;
19082650,11.57556,48.12839;
19082984,11.57431,48.13293;
19082987,11.57488,48.13333;
19085233,11.57577,48.13693;
19085235,11.57467,48.13613;
19086652,11.57848,48.13620;
19086820,11.57674,48.13613;
19086822,11.57601,48.13575;
19088834,11.57811,48.13023;
19088835,11.57586,48.12818;
19090055,11.58535,48.12939;
19092679,11.58357,48.12800;
19092680,11.58364,48.12791;
19092682,11.57999,48.12518;
19092904,11.58435,48.12856;
19092911,11.58622,48.12849;
19092912,11.58584,48.12782;
19092915,11.58559,48.12784;
19093352,11.58636,48.12592;
19093354,11.58655,48.12621;
19093355,11.58713,48.12709;
19093356,11.58783,48.12799;
19093357,11.58804,48.12830;
19093358,11.58844,48.12930;
19093359,11.58860,48.12959;
19093360,11.58917,48.13031;
19093361,11.58959,48.13083;
19093363,11.59110,48.12758;
19093364,11.59074,48.12759;
19093365,11.59033,48.12761;
19093366,11.59060,48.12801;
19093367,11.59074,48.12813;
19093368,11.59106,48.12820;
19093369,11.59153,48.12822;
19093370,11.59217,48.12837;
19093371,11.59248,48.12955;
19093603,11.59016,48.13118;
19094045,11.58961,48.13163;
19094046,11.58866,48.13071;
19094047,11.58874,48.13088;
19094048,11.58881,48.13101;
19094049,11.58622,48.12895;
19094050,11.58503,48.12816;
19094192,11.58544,48.12757;
19094193,11.58545,48.12682;
19094392,11.56885,48.12652;
19094393,11.56899,48.12690;
19094394,11.56927,48.12801;
19094395,11.56984,48.12850;
19094396,11.57030,48.12895;
19094397,11.57079,48.12937;
19094398,11.57107,48.12959;
19094399,11.57194,48.13014;
19094400,11.57260,48.13053;
19095269,11.58474,48.12775;
19095270,11.58593,48.12875;
19095710,11.58710,48.12864;
19095740,11.55848,48.12958;
19095741,11.55855,48.13314;
19095743,11.55855,48.13236;
19095744,11.55805,48.13268;
19095746,11.55819,48.13246;
19095747,11.55809,48.13292;
19095748,11.55824,48.13304;
19095923,11.58787,48.13134;
19095928,11.58789,48.13149;
19096464,11.58756,48.13130;
19096670,11.56228,48.13328;
19096671,11.56287,48.13199;
19096697,11.56234,48.13315;
19097097,11.56511,48.13268;
19097676,11.56377,48.13346;
19097679,11.56448,48.13355;
19097680,11.56546,48.13366;
19097681,11.56554,48.13377;
19097683,11.56583,48.13401;
19097684,11.56604,48.13416;
19099331,11.56358,48.13422;
19099332,11.56403,48.13421;
19099336,11.56072,48.13308;
19099337,11.55977,48.13295;
19099996,11.55323,48.13520;
19099998,11.55584,48.13492;
19102448,11.56684,48.13237;
19102449,11.56710,48.13234;
19102450,11.56736,48.13208;
19102451,11.56752,48.13190;
19102452,11.56802,48.13146;
19102453,11.56861,48.13126;
19102454,11.56919,48.13109;
19102455,11.57034,48.13087;
19102456,11.57071,48.13090;
19102457,11.57098,48.13102;
19102458,11.56737,48.13075;
19102459,11.56679,48.13076;
19102460,11.56633,48.13084;
19102461,11.56673,48.13207;
19102462,11.56730,48.12996;
19102463,11.56731,48.12983;
19102464,11.56805,48.12941;
19102465,11.56818,48.12914;
19102466,11.56814,48.12903;
19102467,11.56965,48.12855;
19102468,11.56975,48.12906;
19102469,11.56990,48.12956;
19102470,11.57008,48.13007;
19103403,11.57171,48.12902;
19103404,11.57037,48.12835;
19103405,11.56998,48.12618;
19103407,11.57213,48.12693;
19103412,11.57250,48.12656;
19103414,11.56924,48.12617;
19103415,11.56946,48.12617;
19103948,11.57053,48.14280;
19103950,11.56748,48.14127;
19103953,11.57395,48.14397;
19103954,11.57425,48.14467;
19103956,11.57470,48.14459;
19103957,11.57436,48.14387;
19103961,11.57581,48.14359;
19103963,11.57661,48.14364;
19103965,11.57670,48.14383;
19103966,11.57685,48.14414;
19103967,11.57712,48.14475;
19103968,11.57750,48.14564;
19103970,11.57748,48.14366;
19103973,11.57761,48.14395;
19103977,11.57736,48.14341;
19103987,11.56836,48.14015;
19107555,11.56025,48.13931;
19107556,11.56008,48.13746;
19107557,11.55322,48.13645;
19107558,11.55325,48.13755;
19107561,11.55265,48.13661;
19108098,11.56845,48.13344;
19108591,11.56943,48.13336;
19108592,11.56943,48.13383;
19110212,11.57640,48.13441;
19110213,11.57652,48.13308;
19110215,11.57948,48.13397;
19110219,11.57247,48.13280;
19110220,11.57317,48.13223;
19116377,11.57670,48.13683;
19116858,11.57588,48.13706;
19172043,11.57278,48.13626;
19223847,11.60166,48.12941;
19223848,11.59958,48.13078;
19223849,11.59954,48.13103;
19223850,11.59878,48.13152;
19223851,11.59792,48.13208;
19223852,11.59828,48.12999;
19223853,11.59734,48.12936;
19223855,11.59736,48.13056;
19223856,11.59432,48.13088;
19223857,11.59563,48.13025;
19223865,11.59985,48.12820;
19223866,11.60015,48.12813;
19223867,11.60041,48.12825;
19223871,11.60262,48.12825;
19224207,11.59616,48.13308;
19224208,11.59634,48.13229;
19224210,11.59646,48.13116;
19224211,11.59458,48.13229;
19224212,11.59465,48.13305;
19224213,11.59624,48.13418;
19224215,11.59920,48.13559;
19224228,11.59850,48.13298;
19224229,11.59919,48.13274;
19224230,11.59737,48.13334;
19224513,11.59963,48.13337;
19225096,11.59043,48.13239;
19226720,11.58751,48.13055;
19404289,11.54564,48.14877;
19404291,11.54443,48.14778;
19404292,11.54543,48.14428;
19404294,11.54650,48.14657;
19414683,11.56702,48.12665;
19417536,11.57109,48.12502;
19417538,11.57346,48.12634;
19467995,11.57191,48.14041;
19471652,11.57196,48.14151;
19471653,11.57323,48.14183;
19471654,11.57098,48.14119;
19471658,11.57072,48.14064;
19473822,11.57172,48.14045;
19473823,11.57213,48.14047;
19473826,11.57193,48.14024;
19473828,11.57359,48.14015;
19483603,11.57445,48.14154;
19483612,11.57480,48.14219;
1954286,11.59995,48.14879;
1954306,11.58166,48.15130;
1954309,11.57217,48.15400;
1954311,11.58447,48.15725;
1954313,11.57709,48.15772;
1954316,11.57989,48.15779;
1954320,11.58008,48.15886;
1954323,11.57724,48.15906;
1954332,11.59311,48.14649;
1954334,11.59575,48.14644;
1954337,11.59365,48.14524;
1954340,11.59323,48.14406;
1954344,11.59552,48.14524;
1954349,11.59416,48.14821;
1954351,11.59446,48.14857;
1954358,11.59523,48.15047;
1954361,11.57956,48.14684;
1954365,11.57466,48.14822;
1954372,11.57059,48.14687;
1954380,11.56668,48.14543;
1954384,11.56421,48.14641;
1954388,11.56149,48.14690;
1954393,11.56680,48.15037;
1954396,11.56548,48.15072;
1954398,11.56423,48.15110;
1954400,11.56489,48.15217;
1954403,11.56629,48.15178;
1954405,11.56648,48.15471;
1954408,11.56472,48.15525;
1954411,11.57374,48.15170;
1954414,11.57329,48.15100;
1954419,11.58062,48.14902;
1954421,11.57709,48.14995;
1954425,11.57596,48.15028;
1954428,11.57744,48.15248;
1954430,11.57478,48.15327;
1954431,11.57548,48.15455;
1954432,11.57539,48.15512;
1954433,11.57895,48.15471;
1954434,11.57402,48.15767;
1954436,11.59342,48.14550;
1954437,11.59339,48.14569;
1954438,11.59333,48.14597;
1954439,11.59322,48.14638;
1954442,11.59346,48.14777;
1954443,11.59312,48.14725;
1954444,11.59289,48.14658;
1954448,11.59632,48.15017;
1954450,11.59531,48.15064;
1954451,11.60220,48.14893;
1954830,11.60509,48.13311;
1954833,11.60191,48.13375;
1954837,11.60087,48.13401;
1954839,11.59954,48.13436;
1954840,11.60167,48.13343;
1954841,11.60159,48.13322;
1954843,11.60085,48.13293;
1954844,11.59897,48.13360;
1954846,11.59876,48.13331;
1954847,11.59942,48.13307;
1954849,11.59949,48.13239;
1954850,11.59766,48.13230;
1954851,11.59743,48.13296;
1954854,11.59843,48.13288;
1954856,11.59736,48.13325;
1954857,11.59769,48.13404;
1954859,11.59864,48.13463;
1954861,11.59892,48.13479;
1954862,11.59918,48.13539;
1954864,11.59991,48.13097;
1954866,11.60135,48.13211;
1954868,11.60196,48.12960;
1954874,11.60205,48.12932;
1954878,11.60046,48.12836;
1954879,11.59975,48.12838;
1954880,11.60026,48.12858;
1954889,11.59528,48.12798;
1954896,11.59689,48.13430;
1954899,11.59595,48.13464;
1954903,11.59646,48.13599;
1954905,11.59447,48.13541;
1954907,11.59731,48.13818;
1954909,11.59833,48.13956;
1954920,11.59856,48.14090;
1955010,11.58121,48.13807;
1955012,11.57842,48.13868;
1955013,11.57729,48.13890;
1955016,11.57697,48.13800;
1955018,11.57783,48.13776;
1955019,11.57727,48.13658;
1955021,11.58046,48.13573;
1955024,11.58407,48.13583;
1955026,11.58353,48.13925;
1955028,11.57761,48.13266;
1955030,11.57580,48.13187;
1955031,11.58420,48.13728;
1955037,11.58134,48.13892;
1955044,11.58017,48.13212;
1955047,11.57872,48.14015;
1955048,11.57851,48.13942;
1955051,11.58115,48.13842;
1955052,11.58317,48.13741;
1955054,11.58137,48.13540;
1955055,11.58483,48.13709;
1955058,11.58656,48.13731;
1955060,11.58668,48.13757;
1955065,11.59232,48.13875;
1955069,11.58241,48.13098;
1955071,11.57924,48.12934;
1955074,11.58297,48.12787;
1955075,11.58390,48.12816;
1955079,11.58655,48.12925;
1955086,11.57059,48.12551;
1955289,11.54641,48.12666;
1955291,11.54776,48.12666;
1955292,11.54482,48.12776;
1955294,11.54408,48.12890;
1955295,11.54334,48.12822;
1955302,11.54232,48.12981;
1955304,11.54155,48.12910;
1955312,11.53980,48.13386;
1955313,11.53991,48.13470;
1955316,11.54554,48.13458;
1955325,11.55330,48.13018;
1955327,11.55363,48.13200;
1955328,11.55349,48.13342;
1955330,11.55582,48.12998;
1955331,11.55578,48.12858;
1955333,11.55756,48.12986;
1955335,11.55762,48.13035;
1955336,11.55610,48.13150;
1955337,11.55610,48.13237;
1955339,11.55854,48.13276;
1955341,11.55585,48.13642;
1955347,11.56308,48.13175;
1955348,11.56367,48.13119;
1955350,11.56275,48.13037;
1955351,11.56212,48.12917;
1955358,11.54969,48.12698;
1955360,11.55231,48.12860;
1955410,11.54786,48.13563;
1955411,11.55254,48.13487;
1955418,11.54868,48.12674;
1955427,11.55081,48.12578;
1955430,11.55862,48.13639;
1955432,11.56111,48.13814;
1955433,11.56515,48.13626;
1955438,11.56766,48.13373;
1955439,11.56818,48.13382;
1955440,11.56910,48.13378;
1955442,11.57019,48.13419;
1955450,11.57152,48.13419;
1955457,11.56934,48.14098;
1955459,11.57147,48.14168;
1955464,11.56791,48.14272;
1955467,11.56533,48.14343;
1955468,11.56479,48.14254;
1955471,11.56224,48.14250;
1955472,11.56180,48.14264;
1955474,11.56357,48.14288;
1955475,11.56029,48.14496;
1955476,11.57325,48.14354;
1955489,11.56933,48.14437;
1955495,11.56546,48.14830;
1955497,11.56243,48.15164;
1955498,11.56046,48.15219;
1955499,11.56187,48.15608;
1955500,11.56861,48.15319;
1955502,11.56802,48.15411;
1955504,11.56837,48.15504;
1955505,11.56846,48.15590;
1955506,11.57263,48.15471;
1955508,11.57329,48.15573;
1955510,11.56669,48.15932;
1955512,11.56912,48.15889;
1955514,11.57183,48.15818;
1955515,11.57008,48.15547;
1955518,11.57572,48.15766;
1955520,11.57540,48.15922;
1955524,11.57337,48.16051;
1955526,11.56862,48.16035;
1955527,11.56811,48.16049;
1955528,11.56873,48.16122;
1955529,11.56677,48.16104;
1955530,11.56799,48.15909;
1955531,11.55962,48.14992;
1955532,11.56683,48.15526;
1955534,11.56545,48.15503;
1955535,11.56812,48.15425;
1955536,11.55848,48.15678;
1955538,11.56081,48.15815;
1955540,11.56190,48.16107;
1955543,11.55284,48.16139;
1955546,11.55564,48.15907;
1955547,11.54820,48.15126;
1955548,11.55228,48.15158;
1955550,11.55321,48.15196;
1955551,11.55672,48.15066;
1955554,11.56446,48.16455;
1955556,11.56629,48.16438;
1955558,11.56154,48.16834;
1955561,11.56682,48.16775;
1955567,11.57457,48.16346;
1955568,11.57503,48.16350;
1955571,11.58077,48.16408;
1955573,11.58120,48.16714;
1955574,11.57366,48.17026;
1955575,11.58107,48.17061;
1955577,11.58274,48.17090;
1955586,11.58624,48.16107;
1956101,11.55618,48.14196;
1956110,11.55166,48.13907;
1956111,11.55572,48.14817;
1956113,11.54370,48.14718;
1956115,11.54103,48.14850;
1956116,11.54177,48.14953;
1956119,11.54203,48.15246;
1956120,11.54058,48.15310;
1956121,11.53921,48.15002;
1956123,11.53903,48.14906;
1956125,11.54946,48.15185;
1956126,11.54805,48.14963;
1956129,11.54078,48.16170;
1956131,11.53927,48.16263;
1956140,11.53637,48.13502;
1956142,11.55012,48.14925;
197802518,11.54985,48.17591;
197824506,11.55830,48.17563;
19789928,11.58151,48.13914;
19789933,11.58038,48.13943;
19789938,11.58190,48.13963;
197928179,11.54144,48.12774;
199204083,11.54483,48.17178;
199206361,11.55451,48.17584;
199206888,11.55531,48.17582;
200108752,11.58263,48.14126;
201378268,11.59833,48.13474;
201381171,11.58263,48.14041;
201416172,11.54579,48.14503;
201418037,11.54607,48.14561;
201967333,11.58065,48.15076;
201978399,11.58124,48.15108;
201978400,11.58078,48.15092;
201978401,11.58060,48.15056;
201978402,11.58082,48.15025;
201978403,11.58139,48.15013;
201978404,11.58188,48.15030;
20223687,11.57931,48.13606;
20223689,11.57897,48.13504;
20223691,11.58032,48.13499;
20223697,11.57748,48.13440;
20225951,11.57745,48.13501;
20225970,11.58004,48.13653;
20225971,11.57878,48.13722;
20225973,11.57835,48.13742;
20225974,11.57836,48.13622;
20225979,11.57993,48.13588;
20225980,11.58052,48.13676;
20226760,11.57909,48.13708;
20234166,11.56805,48.13380;
20235759,11.56998,48.13094;
20235763,11.56807,48.13308;
20237061,11.57041,48.13747;
20237063,11.57018,48.13727;
20237064,11.57127,48.13736;
20237476,11.57171,48.13703;
20237481,11.56616,48.13794;
20237611,11.56649,48.13629;
20237613,11.56668,48.13632;
20237615,11.56658,48.13632;
20238555,11.56690,48.13848;
20239738,11.57177,48.13699;
20239740,11.57205,48.13680;
20239744,11.57246,48.13708;
20258374,11.57253,48.13535;
20258375,11.57203,48.13595;
20259951,11.57368,48.13642;
202838419,11.56768,48.14196;
202876891,11.56080,48.14131;
2038181,11.57529,48.14220;
2038188,11.57448,48.14077;
2038206,11.57493,48.14143;
2038232,11.58128,48.14156;
2038252,11.58255,48.14032;
2038260,11.58304,48.14029;
2038269,11.58224,48.13873;
2038287,11.56195,48.12856;
2038296,11.56418,48.12808;
2038536,11.53578,48.13505;
2038555,11.53707,48.13494;
2038559,11.53770,48.13813;
2038569,11.54151,48.13827;
2040579,11.55848,48.12914;
2040583,11.56347,48.12710;
2040627,11.53558,48.13501;
2041460,11.57625,48.13702;
2041462,11.57500,48.13530;
2041464,11.57346,48.13575;
2041466,11.57342,48.12705;
204241016,11.56467,48.17066;
204241893,11.56478,48.17064;
204241894,11.56532,48.17060;
204241895,11.56586,48.17055;
204241896,11.56640,48.17051;
204241898,11.56682,48.17048;
204241901,11.56695,48.17050;
204241902,11.56699,48.17060;
204241903,11.56712,48.17122;
204241904,11.56716,48.17180;
204241906,11.56714,48.17198;
204241907,11.56728,48.17203;
204241908,11.56743,48.17210;
204241909,11.56754,48.17220;
204241912,11.56757,48.17239;
204241914,11.56760,48.17271;
204241915,11.56760,48.17300;
204241917,11.56760,48.17310;
204242498,11.56579,48.17055;
204242747,11.56584,48.17197;
204244499,11.56738,48.17207;
204257758,11.57056,48.16742;
204259091,11.57076,48.16868;
204259092,11.57093,48.16957;
204259094,11.57081,48.16977;
204259095,11.57065,48.16992;
204259096,11.57061,48.17008;
204259097,11.57058,48.17040;
204259098,11.57058,48.17055;
204259099,11.57057,48.17068;
204264535,11.56659,48.16779;
204264823,11.56668,48.16852;
204264825,11.56677,48.16921;
204265729,11.56578,48.16862;
204265730,11.56544,48.16863;
204265834,11.56714,48.17151;
204266410,11.56732,48.17142;
204266411,11.56741,48.17130;
204266412,11.56739,48.17113;
204266413,11.56736,48.17088;
204266414,11.56716,48.16979;
204266415,11.56710,48.16939;
204266416,11.56707,48.16909;
204266417,11.56704,48.16887;
204266418,11.56696,48.16874;
204266419,11.56670,48.16862;
204267114,11.56719,48.16998;
204271352,11.56749,48.17216;
204279158,11.56725,48.17036;
204279215,11.56729,48.17055;
204281184,11.57058,48.16768;
204286921,11.57090,48.16965;
204291536,11.57071,48.16851;
204294387,11.56660,48.16787;
204294761,11.57058,48.16760;
204367829,11.58363,48.14445;
204369389,11.58373,48.14476;
204413071,11.59270,48.14662;
204413072,11.59194,48.14711;
204413814,11.59205,48.14703;
20456265,11.55122,48.13034;
20456280,11.55266,48.13024;
20456366,11.55304,48.13021;
20456367,11.54872,48.13053;
20456372,11.54648,48.13066;
20456389,11.54710,48.13065;
20456495,11.54615,48.13153;
20456515,11.54549,48.12950;
20456783,11.54624,48.13121;
20456785,11.54637,48.13090;
20461376,11.58776,48.16960;
20461378,11.58944,48.16963;
20461384,11.58957,48.17037;
20461391,11.59115,48.16757;
20461393,11.58601,48.16951;
20461917,11.58745,48.17252;
20477215,11.59644,48.12878;
20477247,11.59584,48.12838;
20477256,11.59642,48.12835;
20477271,11.59598,48.12831;
20477276,11.59613,48.12828;
20477278,11.59658,48.12852;
20477280,11.59656,48.12865;
20480957,11.59991,48.12856;
20480959,11.60010,48.12860;
20480962,11.59980,48.12848;
20480964,11.60029,48.12816;
20480969,11.59998,48.12814;
20480970,11.59978,48.12828;
20480974,11.60034,48.12854;
20480975,11.60043,48.12846;
204849889,11.59302,48.14613;
204849931,11.59294,48.14609;
204850574,11.59328,48.14616;
204851150,11.59299,48.14654;
204854454,11.59442,48.14853;
204854468,11.59296,48.14680;
204854470,11.59414,48.14822;
206095521,11.56041,48.14264;
206176369,11.58808,48.13744;
206354206,11.56386,48.13184;
20833836,11.56476,48.14609;
20833837,11.56458,48.14583;
20833838,11.56471,48.14595;
20833978,11.55551,48.13148;
20834525,11.56094,48.14113;
20834526,11.56060,48.14176;
20834529,11.55740,48.15043;
20834530,11.55718,48.15010;
20835091,11.57068,48.15175;
20835092,11.57113,48.15243;
20835174,11.56806,48.15336;
20835181,11.57558,48.15388;
20835182,11.56423,48.15446;
208813240,11.59786,48.13420;
20923542,11.55848,48.12979;
20980541,11.55269,48.15531;
20980542,11.55400,48.15432;
20980544,11.55481,48.15349;
20980545,11.55563,48.15278;
20980546,11.55781,48.15089;
20980547,11.55291,48.15237;
20980548,11.55319,48.15234;
20980549,11.55328,48.15214;
20980550,11.55146,48.15093;
20980551,11.55036,48.14983;
20980552,11.55083,48.15027;
20980553,11.55817,48.15023;
20980555,11.55913,48.14838;
20980556,11.55730,48.15033;
20980557,11.55747,48.15017;
20980558,11.55919,48.14654;
20980561,11.55794,48.14560;
20981692,11.56071,48.14152;
20981693,11.56084,48.13932;
20981694,11.56090,48.14016;
20981716,11.56159,48.14212;
20981717,11.56173,48.14249;
20982432,11.57747,48.14554;
20982446,11.57324,48.14601;
20982463,11.58313,48.14122;
20982469,11.58295,48.14118;
20982487,11.57571,48.12922;
20982577,11.57635,48.12862;
20982582,11.58133,48.12787;
21004291,11.55247,48.13665;
21004293,11.55304,48.13647;
21004297,11.56507,48.13632;
21005407,11.56672,48.14020;
21005409,11.56782,48.14047;
21005411,11.56804,48.14029;
21026688,11.56710,48.14085;
21026689,11.56709,48.14060;
21026690,11.56716,48.14096;
21026691,11.56695,48.14039;
21026692,11.56711,48.14070;
21026693,11.56585,48.14221;
21026694,11.56619,48.14163;
21026695,11.56627,48.14110;
21026697,11.56630,48.14042;
21026698,11.56287,48.14279;
21026893,11.56142,48.14210;
21026894,11.56156,48.14204;
21026895,11.56045,48.14250;
21035947,11.55780,48.17571;
21035948,11.55628,48.17580;
21035972,11.55306,48.16138;
21035976,11.55282,48.16321;
21035977,11.55438,48.16774;
21035982,11.56151,48.16846;
21035990,11.56502,48.16863;
21036246,11.55908,48.16827;
21039248,11.53836,48.16243;
21039249,11.53880,48.16251;
21039251,11.53764,48.15969;
21039253,11.53797,48.15796;
21042659,11.56067,48.16131;
21042661,11.56498,48.16633;
21042662,11.56446,48.16347;
21042664,11.56470,48.16453;
21042671,11.56438,48.17090;
21042673,11.56391,48.17084;
21090902,11.56680,48.15969;
21090903,11.56597,48.15729;
21090904,11.56888,48.15751;
21090905,11.56898,48.16024;
21091231,11.57546,48.16704;
21092017,11.58623,48.16952;
21092019,11.58628,48.16182;
21092020,11.58646,48.16179;
21092561,11.60077,48.16055;
21093131,11.59979,48.16100;
21093132,11.60032,48.16070;
21093133,11.59962,48.16074;
21093134,11.59929,48.16007;
21093135,11.59941,48.15981;
21093136,11.59964,48.15967;
21093137,11.60025,48.15966;
21093138,11.60105,48.15991;
21093139,11.60163,48.16030;
21093145,11.60161,48.16064;
21093150,11.60133,48.16089;
21093152,11.60042,48.16081;
21093153,11.60076,48.16085;
21093154,11.60094,48.16098;
21093155,11.60115,48.16098;
21117575,11.60085,48.14501;
21117577,11.60156,48.14582;
21117581,11.60237,48.14679;
21151040,11.54526,48.12923;
21261462,11.53992,48.13460;
21261463,11.53980,48.13478;
21261464,11.54011,48.13483;
21261465,11.54025,48.13473;
21261466,11.54013,48.13496;
21261467,11.54264,48.13457;
21261469,11.53342,48.13507;
21263195,11.58705,48.13423;
21263196,11.58630,48.13356;
21263198,11.58875,48.13744;
21263445,11.58422,48.13988;
21263459,11.58378,48.13596;
21280132,11.56775,48.13968;
21280139,11.57334,48.13648;
21280143,11.57599,48.14433;
21280144,11.57612,48.14431;
21280145,11.57789,48.14330;
21280146,11.57815,48.14383;
21307355,11.58818,48.13768;
21307358,11.58789,48.13697;
21324004,11.55621,48.14208;
21324007,11.56103,48.14118;
21324378,11.54197,48.14574;
21324382,11.53865,48.14591;
21324383,11.54387,48.14687;
21324401,11.55662,48.14203;
21324402,11.55660,48.14193;
21326676,11.54651,48.14670;
21326678,11.55600,48.14412;
21457467,11.56478,48.14965;
21457468,11.56609,48.14926;
21457469,11.56353,48.15001;
21457470,11.56563,48.15070;
21457583,11.56687,48.16030;
21457585,11.56909,48.15962;
21474411,11.56956,48.14083;
21474415,11.57538,48.13648;
21474416,11.57644,48.13597;
21486950,11.56210,48.13994;
21486951,11.56250,48.14062;
21486952,11.56127,48.14010;
21486960,11.59513,48.12650;
21495322,11.59098,48.16764;
21495323,11.59453,48.17089;
21499185,11.53792,48.15437;
21499186,11.53793,48.15410;
21499187,11.54165,48.15387;
21499188,11.54174,48.15174;
21499189,11.54326,48.15260;
21499190,11.54240,48.15221;
21499987,11.55139,48.15289;
21499988,11.55123,48.15281;
21499999,11.54828,48.15014;
21500000,11.54297,48.14843;
21500001,11.54235,48.14778;
21500002,11.54073,48.14625;
21500003,11.54168,48.14572;
21500004,11.54149,48.14584;
21500005,11.53952,48.14682;
21502458,11.53886,48.14800;
21502460,11.53900,48.14720;
21502463,11.53875,48.14741;
21502465,11.53846,48.14731;
21502467,11.53849,48.14711;
21502470,11.53862,48.14705;
21502472,11.53879,48.14704;
21502475,11.53896,48.14732;
21502477,11.53858,48.14738;
21502479,11.53894,48.14710;
21531291,11.59468,48.15115;
21531316,11.55548,48.13225;
21531317,11.55356,48.13286;
21531318,11.55291,48.12935;
21531319,11.55353,48.13113;
21543940,11.57601,48.15182;
21543941,11.57582,48.15295;
21543994,11.58632,48.15691;
21543995,11.57936,48.15468;
21543996,11.57958,48.15575;
21543998,11.57658,48.15274;
21545935,11.58479,48.16944;
21545966,11.58096,48.16929;
21545967,11.58111,48.16830;
21558237,11.59831,48.12713;
21558309,11.57741,48.16017;
21558310,11.57744,48.16372;
21558311,11.57768,48.16272;
21562302,11.54585,48.13845;
21562306,11.54563,48.13786;
21562307,11.54874,48.13762;
21562308,11.54904,48.13832;
21562309,11.54392,48.13778;
21562566,11.54221,48.13772;
21562567,11.54067,48.13767;
21562568,11.54219,48.13826;
21562569,11.54235,48.13677;
21562570,11.54406,48.13681;
21562781,11.54045,48.13666;
21562782,11.54027,48.13563;
21562783,11.54248,48.13573;
21562784,11.54416,48.13583;
21562785,11.53843,48.13578;
21562786,11.53861,48.13690;
21562800,11.53731,48.13587;
21563704,11.56251,48.13931;
21563705,11.56243,48.13810;
21577901,11.54433,48.13464;
21577902,11.54518,48.13445;
21577967,11.54075,48.13820;
21580470,11.53749,48.13704;
21580474,11.53829,48.13486;
21580478,11.53902,48.13972;
21580482,11.53889,48.13803;
21580486,11.54499,48.13460;
21585826,11.54120,48.14491;
21585827,11.54066,48.14438;
21585828,11.53840,48.14454;
21585829,11.53836,48.14428;
21585831,11.53752,48.14343;
21585832,11.53817,48.14337;
21585834,11.54480,48.14284;
21585835,11.53855,48.14558;
21600356,11.53483,48.13815;
21619883,11.55076,48.14433;
21619886,11.54760,48.14500;
21619887,11.54803,48.14605;
21619888,11.55106,48.14554;
21619890,11.55645,48.14494;
21619891,11.55623,48.14528;
21619892,11.55667,48.14598;
21619897,11.55218,48.14725;
21619899,11.55164,48.14690;
21620060,11.55132,48.14762;
21620061,11.54815,48.14824;
21620063,11.54836,48.14855;
21620065,11.54867,48.14879;
21620068,11.54900,48.14945;
21632148,11.53983,48.13808;
21632149,11.53823,48.13809;
21632150,11.53721,48.13814;
21632151,11.53647,48.13817;
21632152,11.53569,48.13818;
21632153,11.54042,48.13816;
21632154,11.53940,48.13804;
21632155,11.53459,48.13813;
21632156,11.53428,48.13738;
21632160,11.55134,48.14713;
21632161,11.55174,48.14714;
21632162,11.55109,48.14565;
21632163,11.54088,48.15455;
21632175,11.54955,48.14578;
21632176,11.54144,48.14513;
21632177,11.54428,48.14412;
21642941,11.55967,48.14191;
21642942,11.55944,48.14150;
21642943,11.56314,48.14154;
21642946,11.55497,48.14429;
21677732,11.59743,48.13365;
21677735,11.59892,48.13234;
21677818,11.59824,48.13717;
21677821,11.59811,48.13903;
21677822,11.59686,48.13732;
21677823,11.59670,48.13666;
21677824,11.59853,48.14189;
21677825,11.59859,48.14117;
21677830,11.60262,48.14712;
21677913,11.59607,48.13354;
21677914,11.59635,48.13392;
21677915,11.59628,48.13376;
21677916,11.59601,48.13453;
21677917,11.59390,48.13267;
21677918,11.59355,48.13230;
21677919,11.59611,48.13113;
21740037,11.59740,48.12653;
21740759,11.59938,48.13440;
21740761,11.59924,48.13445;
21924908,11.54916,48.14466;
21924911,11.54643,48.14636;
21924914,11.54593,48.14534;
21924917,11.54362,48.14718;
21924919,11.54352,48.14719;
21924922,11.54372,48.14711;
230083139,11.59207,48.12835;
236847,11.53727,48.15040;
236851,11.53982,48.15401;
236852,11.53913,48.15364;
236853,11.53816,48.15397;
241777296,11.56269,48.15401;
243358942,11.56672,48.14548;
243358943,11.56695,48.14584;
243358944,11.56707,48.14602;
243358945,11.56728,48.14636;
243358948,11.56756,48.14684;
243508611,11.58174,48.17573;
243508628,11.58186,48.17513;
243508721,11.58201,48.17442;
243508722,11.58212,48.17390;
243508736,11.58436,48.17170;
243508742,11.58256,48.17176;
243666970,11.56419,48.15439;
243666985,11.55468,48.15989;
243666986,11.55716,48.16114;
244213411,11.58027,48.14912;
244213412,11.57317,48.15104;
244213413,11.57049,48.15181;
244213414,11.56789,48.15253;
244213415,11.56572,48.15315;
245333,11.53999,48.15244;
24550744,11.58407,48.14543;
246408,11.53396,48.13502;
246790116,11.54814,48.17058;
246878840,11.56392,48.14873;
246878841,11.56322,48.14745;
246878844,11.56348,48.14736;
246878845,11.56298,48.14645;
246879849,11.56039,48.15200;
246879850,11.56035,48.15205;
246879853,11.56032,48.15207;
246879854,11.56025,48.15209;
246913139,11.58079,48.15253;
246913169,11.57938,48.15280;
248047391,11.59803,48.13894;
248570003,11.58885,48.12990;
248570065,11.58830,48.12895;
248574707,11.59854,48.14028;
248791856,11.59991,48.14608;
248791986,11.59853,48.14223;
248793580,11.59596,48.13467;
248966807,11.59344,48.16224;
248966809,11.59361,48.16218;
248966810,11.59394,48.16196;
248966812,11.59436,48.16176;
248966813,11.59449,48.16177;
249143582,11.60449,48.15417;
24952270,11.57373,48.12751;
249814981,11.57702,48.15189;
249814991,11.57934,48.15157;
249817784,11.57648,48.15108;
250941919,11.59483,48.16197;
250941920,11.59515,48.16215;
250941921,11.59538,48.16234;
250941922,11.59567,48.16253;
250941923,11.59598,48.16283;
250941924,11.59520,48.16324;
250941977,11.59525,48.16332;
250941978,11.59480,48.16280;
250941979,11.59444,48.16245;
251629399,11.57972,48.13400;
251741085,11.58174,48.13134;
251744327,11.58391,48.13591;
251875225,11.57919,48.13504;
252265195,11.56713,48.12731;
252265229,11.56683,48.12744;
252265332,11.56715,48.12801;
252266006,11.56967,48.12848;
252272413,11.60226,48.14667;
252276097,11.59947,48.14883;
252276099,11.59938,48.14870;
252276101,11.59930,48.14857;
252276104,11.59922,48.14844;
252276107,11.59931,48.14835;
252276109,11.59956,48.14824;
252276111,11.60019,48.14799;
252276113,11.60114,48.14886;
252276115,11.59878,48.14727;
252276685,11.60021,48.14801;
25240610,11.54443,48.17145;
25240612,11.54403,48.17119;
25240617,11.53988,48.17052;
25257688,11.58508,48.13431;
25257690,11.58460,48.13525;
25257691,11.58470,48.13547;
25257694,11.58492,48.13539;
25257695,11.58562,48.13539;
25257697,11.58669,48.13501;
25257698,11.58732,48.13573;
25257699,11.58745,48.13596;
25257702,11.58616,48.13447;
25257705,11.58595,48.13442;
25257707,11.58627,48.13459;
25257733,11.58864,48.13883;
25257735,11.58875,48.13914;
25257737,11.58870,48.13943;
25257739,11.58862,48.13967;
25257740,11.58857,48.13994;
25257741,11.58860,48.14014;
25257743,11.58884,48.14083;
25257744,11.58894,48.14112;
25257746,11.58894,48.14138;
25257747,11.58878,48.14183;
25257750,11.58854,48.14259;
25257751,11.58621,48.14151;
25257753,11.59066,48.14086;
25257756,11.59137,48.14076;
25257757,11.59086,48.13928;
25257758,11.59033,48.13874;
25257759,11.59283,48.14054;
25257762,11.58843,48.13830;
25274615,11.57921,48.14603;
25274618,11.58106,48.13866;
25274619,11.58070,48.13835;
25274621,11.57877,48.13936;
25274622,11.57965,48.13635;
25274623,11.57912,48.13574;
25274624,11.57902,48.13539;
25274625,11.57834,48.13649;
25274626,11.57842,48.13676;
25274627,11.58880,48.14338;
25274628,11.58971,48.14360;
25274629,11.59082,48.14409;
25274630,11.59150,48.14453;
25274631,11.59281,48.14587;
25284911,11.57631,48.13357;
25284913,11.57503,48.13440;
25313839,11.57789,48.16962;
25313840,11.57845,48.16693;
25313841,11.57887,48.16672;
25313842,11.57929,48.16653;
25313843,11.58000,48.16644;
253231175,11.55981,48.12895;
253231380,11.55897,48.12910;
253233915,11.54426,48.16308;
25323613,11.56876,48.13923;
25323615,11.56941,48.13606;
25323617,11.56956,48.13625;
25323619,11.57230,48.13721;
25323622,11.57187,48.13692;
25323634,11.57571,48.13687;
25323637,11.57799,48.14028;
25323638,11.57799,48.14023;
253931478,11.57803,48.13631;
253932875,11.57684,48.13622;
254039278,11.57322,48.13375;
254039310,11.57435,48.13296;
254039380,11.57428,48.13291;
254039541,11.57560,48.13201;
254039709,11.57390,48.13268;
254039812,11.57356,48.13344;
254039940,11.57363,48.13348;
254055638,11.58119,48.14134;
254055639,11.58094,48.14076;
254075512,11.58178,48.13373;
254081773,11.57958,48.13482;
254081774,11.57961,48.13462;
254082062,11.57970,48.13459;
254082320,11.58445,48.13829;
254082326,11.58223,48.13511;
254082327,11.58187,48.13492;
254082803,11.58325,48.14123;
254082805,11.58338,48.14156;
254082807,11.58496,48.13930;
254085922,11.58949,48.13683;
254086163,11.59397,48.14037;
255415757,11.56894,48.13273;
255416579,11.56286,48.13335;
255417640,11.56304,48.13179;
255417716,11.55848,48.12966;
255417911,11.55274,48.12672;
255417913,11.55420,48.12755;
25575938,11.57355,48.15612;
25575939,11.57448,48.15536;
25575940,11.57164,48.15325;
25575941,11.57427,48.15248;
25575942,11.57287,48.15287;
25576121,11.56882,48.15494;
25576122,11.57074,48.15650;
25576123,11.57013,48.15660;
25576124,11.56749,48.15146;
25576125,11.57006,48.15075;
25576127,11.56314,48.15269;
25576128,11.56089,48.15328;
25576129,11.55840,48.15409;
25576272,11.57264,48.15007;
25576273,11.57237,48.15210;
25576274,11.57193,48.15140;
25576275,11.57131,48.15041;
25576814,11.57248,48.15920;
25576816,11.56969,48.16004;
25576817,11.57176,48.16056;
25576818,11.57116,48.15963;
25576819,11.57044,48.15856;
25576841,11.55784,48.15557;
25576842,11.55876,48.15504;
25576843,11.55775,48.15430;
25576844,11.55707,48.15464;
25576845,11.55605,48.15546;
25576846,11.55887,48.15651;
25576847,11.56057,48.15753;
25576848,11.56017,48.15627;
25576849,11.55956,48.15486;
25576850,11.55915,48.15384;
256017120,11.57806,48.13808;
256017124,11.57828,48.13846;
256017127,11.57719,48.13862;
256017129,11.57870,48.13791;
257086734,11.58247,48.15217;
257086736,11.58270,48.15219;
257086738,11.58387,48.15195;
257086740,11.58452,48.15185;
257086742,11.58531,48.15179;
257558674,11.59283,48.13150;
257560932,11.59498,48.12654;
258491116,11.56979,48.15705;
258551976,11.56968,48.15665;
258551983,11.56934,48.15567;
258767783,11.56053,48.16331;
259509523,11.58197,48.16618;
259557148,11.58407,48.16348;
259557371,11.58404,48.16373;
259667715,11.57894,48.16579;
259667716,11.57904,48.16491;
259667717,11.58088,48.16449;
259667718,11.58129,48.16444;
259667719,11.58504,48.16430;
259667726,11.58533,48.16540;
259670618,11.59754,48.16341;
259723242,11.59285,48.17406;
259759404,11.59200,48.12731;
259788877,11.57503,48.14169;
259830712,11.59885,48.12752;
259833714,11.57593,48.15651;
259833715,11.57781,48.15672;
259833716,11.57970,48.15663;
259833717,11.58032,48.15777;
259839368,11.58877,48.16153;
259839369,11.58921,48.16143;
259839370,11.59172,48.16182;
259843963,11.59821,48.16617;
260030595,11.59284,48.12635;
26044352,11.54583,48.13929;
260612067,11.59464,48.13072;
260612222,11.59320,48.13135;
260612402,11.59376,48.13112;
260711111,11.58610,48.16840;
260712459,11.58667,48.16176;
260827624,11.58745,48.16322;
260827627,11.58703,48.16230;
260964868,11.59900,48.16866;
260964872,11.59980,48.16614;
260964873,11.60078,48.16579;
260964874,11.60095,48.16592;
260964877,11.59969,48.16446;
260965210,11.60420,48.17138;
260971418,11.59355,48.16221;
260971427,11.59295,48.16286;
260998955,11.57585,48.17015;
260998957,11.57390,48.17083;
261001405,11.57430,48.16912;
261003294,11.58474,48.16983;
261024561,11.58203,48.13686;
261024563,11.58264,48.13677;
261024567,11.58267,48.13617;
261024569,11.58326,48.13662;
261030696,11.58186,48.13725;
261030698,11.57797,48.13794;
261030714,11.57831,48.14024;
261034525,11.57465,48.14217;
261063011,11.58596,48.15906;
261063012,11.58620,48.15945;
261063013,11.58636,48.15975;
261063015,11.58642,48.16010;
261063016,11.58702,48.15833;
261737178,11.57050,48.13660;
261744170,11.59240,48.12949;
262098203,11.59629,48.12830;
262098204,11.59652,48.12842;
262098658,11.59125,48.12831;
262098659,11.59196,48.12909;
262103430,11.59283,48.12707;
262105025,11.59314,48.12699;
262517262,11.59659,48.16673;
262517264,11.59458,48.16465;
262520142,11.59501,48.16525;
262520143,11.59766,48.16602;
262520144,11.59771,48.16598;
262685661,11.57419,48.16342;
262685662,11.57419,48.16350;
262688340,11.58761,48.17118;
262688392,11.58773,48.16992;
262689901,11.59802,48.17054;
262690558,11.59705,48.16885;
262690559,11.59666,48.16804;
262699038,11.57796,48.16676;
26347140,11.53919,48.12446;
26347142,11.53922,48.12538;
26347148,11.53907,48.12325;
26347163,11.53900,48.12274;
26347350,11.53913,48.12649;
26347351,11.53913,48.12686;
26347352,11.53930,48.12711;
264353369,11.56585,48.16730;
264354724,11.57018,48.16670;
264354736,11.56836,48.16417;
264354737,11.56765,48.16424;
264363568,11.56819,48.16420;
264363569,11.56774,48.16423;
264363580,11.56672,48.16727;
264470277,11.60138,48.16014;
264523236,11.58198,48.17457;
264540787,11.57117,48.16272;
264540788,11.57118,48.16286;
264540789,11.57161,48.16281;
264540790,11.57159,48.16263;
264540792,11.57142,48.16299;
264646985,11.59242,48.12718;
264668363,11.60413,48.13329;
264949872,11.56421,48.15753;
264949874,11.56248,48.15782;
264953299,11.57361,48.15650;
26504187,11.53959,48.12728;
265086150,11.58322,48.14766;
265086231,11.58188,48.14515;
265086232,11.58176,48.14480;
265086762,11.58200,48.14569;
265279891,11.56423,48.15589;
265279893,11.56397,48.15548;
265280126,11.56787,48.15342;
265283753,11.56447,48.15696;
265283756,11.56805,48.15356;
265778669,11.56260,48.16933;
265778670,11.56277,48.16878;
266472573,11.59439,48.13096;
26650807,11.60879,48.17696;
26650808,11.60842,48.17620;
266698110,11.60098,48.13299;
267010071,11.55158,48.13682;
267010281,11.55158,48.13664;
267142639,11.55649,48.16622;
267142640,11.55665,48.16630;
267142739,11.55685,48.16161;
267142815,11.56162,48.16140;
267142816,11.56069,48.16145;
267142817,11.55369,48.16169;
267142819,11.55354,48.16158;
267143073,11.55460,48.16167;
267150075,11.56178,48.16124;
267150078,11.55832,48.16155;
267150080,11.56025,48.16334;
267150086,11.55527,48.16604;
267150088,11.55509,48.16657;
267150090,11.55649,48.16680;
267151001,11.56178,48.16466;
267151002,11.56129,48.16615;
267151003,11.56169,48.16782;
267151004,11.56198,48.16689;
267151005,11.56013,48.16721;
267151006,11.56058,48.16468;
267151008,11.56031,48.16654;
267157243,11.56576,48.16630;
267162988,11.56282,48.16829;
267162989,11.56281,48.16839;
267396524,11.55527,48.16091;
267396525,11.55534,48.16103;
267397170,11.55334,48.16506;
267397173,11.55467,48.16505;
267397859,11.55418,48.16033;
267399477,11.58653,48.15693;
267399478,11.58665,48.15696;
267466496,11.55864,48.16341;
267507679,11.54194,48.13965;
267508461,11.54480,48.14042;
267508462,11.54210,48.14063;
267509123,11.54463,48.13950;
268098180,11.54510,48.14352;
268098185,11.53830,48.14403;
268098189,11.53922,48.14329;
268098191,11.54113,48.14435;
268098198,11.54155,48.14431;
268098203,11.54201,48.14428;
268098211,11.54248,48.14426;
268102981,11.53686,48.14348;
268102983,11.53668,48.14356;
268102985,11.53556,48.14364;
268102987,11.53532,48.14352;
268472657,11.53828,48.14390;
268860978,11.59011,48.13114;
269792715,11.56066,48.17148;
27006680,11.57832,48.16710;
27006682,11.57893,48.16712;
27006926,11.57775,48.17017;
27038840,11.59413,48.15161;
27038883,11.58680,48.15698;
27039324,11.59408,48.15170;
271153621,11.56123,48.15929;
271205742,11.59974,48.16092;
271507438,11.53886,48.12755;
27152484,11.58165,48.15018;
27152490,11.58202,48.15044;
27152507,11.58320,48.15027;
27152510,11.58402,48.15018;
27152513,11.58466,48.15008;
27152625,11.58562,48.15521;
27152626,11.58844,48.15471;
27152627,11.58765,48.15319;
27152628,11.58515,48.15390;
27152629,11.58689,48.15287;
27152630,11.58626,48.15257;
27152631,11.58563,48.15226;
27152632,11.58527,48.15164;
27152633,11.58507,48.15105;
27152635,11.58472,48.15042;
27152653,11.58259,48.14561;
27152659,11.58370,48.15559;
27152666,11.58831,48.15438;
27152668,11.58796,48.15364;
27153163,11.58465,48.14982;
27153164,11.58484,48.14925;
27153168,11.58470,48.14956;
27153173,11.58502,48.14860;
27153174,11.58502,48.14830;
27153177,11.58490,48.14746;
27153179,11.58478,48.14696;
27153181,11.58461,48.14656;
27153184,11.58430,48.14586;
27153705,11.58906,48.15667;
27153710,11.58915,48.15695;
27153714,11.58931,48.15749;
27153719,11.58880,48.15569;
27153741,11.58631,48.15628;
27153750,11.58586,48.15550;
27154115,11.58677,48.15765;
27154116,11.58660,48.15676;
27154117,11.58657,48.15716;
27154119,11.58596,48.15787;
27154122,11.58487,48.15816;
27154439,11.58980,48.15769;
27154440,11.59020,48.15790;
27154441,11.59052,48.15807;
27154442,11.59084,48.15826;
27154443,11.59106,48.15843;
27154444,11.59098,48.15850;
27154445,11.59064,48.15862;
27154451,11.58847,48.15908;
27154453,11.58829,48.15867;
27154456,11.58737,48.15884;
27154457,11.58694,48.15881;
27154458,11.58654,48.15891;
27154459,11.58629,48.15848;
27154460,11.58669,48.15838;
27154461,11.58720,48.15924;
27154462,11.58743,48.15951;
27154463,11.58758,48.15979;
27154464,11.58781,48.16004;
27154465,11.58691,48.15997;
27154466,11.58595,48.16026;
27154468,11.58540,48.15921;
271553586,11.53922,48.12547;
27158119,11.59548,48.15096;
27158120,11.59555,48.15114;
27158121,11.59558,48.15141;
27158122,11.59556,48.15163;
27158124,11.59559,48.15186;
27158126,11.59572,48.15210;
27158131,11.59617,48.15265;
27158133,11.59631,48.15280;
27158135,11.59657,48.15276;
27158145,11.59815,48.15211;
27158147,11.59832,48.15206;
27158149,11.59846,48.15207;
27158151,11.59866,48.15217;
27158161,11.59958,48.15330;
27158163,11.59976,48.15348;
27158165,11.59989,48.15359;
27158167,11.60048,48.15365;
27158168,11.60026,48.15368;
27158170,11.60004,48.15365;
27158172,11.60015,48.15367;
27158178,11.59981,48.15402;
27158180,11.59973,48.15412;
27158184,11.59945,48.15429;
27158185,11.59931,48.15435;
27158187,11.59907,48.15439;
27158188,11.59996,48.15424;
27158189,11.60016,48.15435;
27158190,11.60029,48.15448;
27158192,11.60051,48.15468;
27158199,11.60068,48.15355;
27158202,11.60078,48.15504;
27158217,11.59627,48.15271;
27158219,11.59639,48.15272;
27158221,11.59655,48.15268;
27158236,11.59812,48.15203;
27158237,11.59861,48.15211;
27158238,11.59853,48.15206;
27158240,11.59843,48.15201;
27158242,11.59827,48.15199;
27158244,11.60089,48.15357;
27158245,11.60075,48.15365;
27158246,11.60063,48.15373;
27158247,11.60048,48.15378;
27158249,11.60035,48.15381;
27158251,11.60020,48.15380;
27158253,11.60005,48.15373;
27158254,11.59998,48.15367;
27159247,11.58313,48.15436;
27161278,11.56588,48.15683;
27161285,11.56863,48.15673;
27161291,11.58297,48.15402;
271755125,11.55683,48.15483;
271755884,11.55363,48.15765;
271757462,11.56289,48.15904;
27193408,11.58078,48.15453;
27194067,11.58821,48.15990;
27194069,11.58853,48.15977;
27194072,11.58883,48.15971;
27194076,11.58905,48.16006;
27194078,11.58920,48.16041;
27194082,11.58952,48.16109;
27194086,11.58886,48.16132;
27194090,11.58841,48.16090;
27194092,11.58824,48.16067;
27194094,11.58808,48.16035;
27194225,11.58727,48.16095;
27194229,11.58650,48.16106;
27194512,11.58824,48.16149;
27194514,11.58751,48.16164;
27194528,11.58778,48.16083;
27194817,11.58812,48.15815;
27194820,11.58849,48.15801;
27194823,11.58879,48.15788;
27194825,11.58906,48.15769;
27195112,11.58536,48.15195;
27195164,11.58229,48.15037;
272078694,11.53896,48.12812;
272079045,11.53881,48.12804;
27225057,11.59856,48.15211;
27225061,11.59647,48.15280;
27225062,11.59638,48.15282;
27225063,11.59626,48.15276;
272665454,11.54813,48.12669;
272665591,11.54762,48.12683;
27270924,11.58112,48.15012;
27270925,11.58156,48.15107;
27272075,11.58718,48.15877;
27322944,11.60081,48.15345;
27323267,11.59754,48.14960;
27323517,11.59521,48.14392;
27323518,11.59533,48.14753;
27323519,11.59460,48.14651;
27323520,11.59497,48.14703;
27342920,11.58863,48.13495;
27342924,11.58876,48.13510;
27342927,11.58910,48.13552;
27342930,11.58957,48.13597;
27342933,11.59013,48.13654;
27342934,11.59025,48.13646;
27342935,11.59050,48.13632;
27342939,11.58942,48.13686;
273441764,11.57109,48.13482;
273442672,11.57011,48.13430;
273472418,11.57522,48.12341;
27358781,11.55440,48.12525;
27358787,11.56187,48.12512;
27358886,11.56411,48.12434;
274114972,11.57960,48.13597;
274115140,11.58136,48.13504;
274117470,11.56427,48.12453;
274118884,11.58719,48.12717;
274119861,11.59463,48.12756;
27418665,11.59385,48.14554;
274310614,11.54170,48.12670;
2746118,11.53960,48.15175;
2746208,11.57628,48.13317;
2746225,11.53937,48.15131;
2746314,11.57444,48.13401;
2746405,11.57488,48.13349;
27469649,11.53818,48.13246;
27469660,11.53633,48.13280;
27469662,11.53587,48.13301;
27469664,11.53548,48.13328;
27469665,11.53527,48.13364;
27469675,11.55364,48.12997;
27469676,11.55374,48.12958;
27469677,11.55399,48.12926;
27469678,11.55448,48.12884;
27469679,11.55500,48.12867;
27469682,11.55878,48.12649;
27469684,11.55572,48.12649;
27469687,11.55579,48.12485;
27469704,11.56162,48.12760;
27469726,11.56317,48.12684;
27470148,11.56097,48.12538;
27470149,11.56182,48.12810;
27470266,11.55617,48.12814;
27470267,11.55362,48.13014;
27470268,11.53670,48.13271;
27470270,11.53964,48.13232;
27471859,11.57369,48.15695;
27479663,11.55348,48.15006;
27479665,11.55440,48.15688;
27479685,11.56443,48.15813;
27479686,11.56764,48.15772;
27479695,11.56528,48.16029;
27479712,11.56720,48.15576;
27479714,11.57256,48.15706;
27479715,11.57388,48.15708;
27479716,11.57783,48.15587;
27479717,11.57631,48.15584;
27479744,11.57719,48.14644;
27479748,11.57736,48.14586;
27479749,11.57706,48.14685;
27479756,11.57172,48.15293;
27479757,11.57198,48.15298;
27479758,11.57212,48.15328;
27479759,11.57200,48.15342;
27479770,11.58027,48.15994;
27479808,11.58046,48.16109;
27479817,11.58291,48.15859;
27479818,11.58309,48.15975;
27479821,11.58050,48.15883;
27479835,11.58324,48.16093;
27479836,11.58121,48.16103;
27479854,11.57722,48.16269;
27479856,11.57143,48.16283;
27479857,11.56917,48.16318;
27479858,11.56787,48.16329;
27479859,11.57260,48.16273;
27479863,11.56800,48.16008;
27479864,11.56780,48.15913;
27479870,11.57023,48.16096;
27479902,11.56346,48.16464;
27483008,11.59851,48.14389;
27483024,11.59859,48.14448;
27483025,11.59882,48.14486;
27483041,11.60056,48.14615;
27483042,11.60027,48.14622;
27483043,11.59997,48.14614;
27483556,11.58590,48.14217;
27483566,11.58666,48.14211;
27483582,11.58772,48.14194;
27483590,11.58511,48.14259;
27483592,11.58487,48.14166;
27483593,11.58481,48.14126;
27483594,11.58483,48.14144;
27483597,11.58601,48.14229;
27483599,11.58587,48.14170;
27483600,11.58555,48.14144;
27483606,11.58661,48.14030;
27483607,11.58639,48.14103;
27483608,11.58481,48.14046;
274852814,11.59348,48.14212;
274852816,11.58858,48.14315;
274852825,11.58855,48.14307;
274852826,11.59048,48.14263;
274852828,11.59343,48.14198;
274854800,11.59878,48.16491;
274854803,11.60064,48.16703;
274854838,11.58763,48.16960;
27487400,11.56526,48.16091;
27487403,11.56503,48.15958;
27487405,11.56396,48.15700;
27487406,11.56620,48.15793;
27487407,11.56266,48.15836;
27487408,11.56099,48.15864;
27487409,11.56740,48.15677;
27487410,11.56340,48.15567;
27487411,11.56262,48.15403;
27487412,11.56643,48.16341;
27487413,11.57474,48.16248;
27487414,11.57404,48.15215;
27487415,11.57689,48.15168;
27487416,11.57641,48.15393;
27487417,11.57824,48.15370;
27487418,11.57608,48.15581;
27487419,11.57777,48.15774;
27487420,11.58272,48.15755;
27487421,11.57738,48.14743;
27487422,11.57741,48.14564;
27487423,11.57148,48.15300;
27487424,11.57214,48.15310;
27487425,11.57183,48.15352;
27554985,11.55401,48.12764;
27554993,11.55332,48.12803;
27579741,11.55426,48.12751;
27588947,11.54125,48.15365;
27588948,11.54084,48.15338;
27590690,11.55457,48.15142;
27590691,11.55643,48.14911;
27592117,11.59307,48.13141;
27592119,11.59132,48.13201;
27592258,11.58215,48.13367;
27593278,11.57542,48.12824;
27593280,11.57500,48.12811;
27593282,11.57460,48.12803;
27593284,11.57416,48.12792;
27593286,11.57391,48.12770;
27593366,11.58622,48.13589;
27593570,11.58897,48.14009;
27593590,11.58811,48.13847;
27593591,11.58775,48.13884;
27593592,11.58755,48.13916;
27593593,11.58742,48.13945;
27593652,11.59254,48.13973;
27593655,11.59235,48.13950;
27593656,11.59174,48.13897;
27594358,11.59132,48.13813;
27594918,11.60174,48.12687;
27733777,11.56194,48.16121;
27735970,11.57339,48.15781;
27735971,11.57491,48.15880;
27735972,11.57354,48.15894;
27735973,11.57408,48.15885;
27735974,11.57445,48.15880;
27735975,11.56713,48.16107;
27735976,11.56719,48.16070;
27735977,11.56780,48.15831;
27735978,11.56641,48.15849;
27735979,11.56646,48.15862;
27735981,11.56483,48.15906;
27737373,11.55647,48.15512;
277382,11.55162,48.13757;
277384,11.55862,48.13747;
277385,11.56105,48.13744;
277386,11.56097,48.13635;
277387,11.56066,48.13429;
277388,11.55861,48.13451;
277390,11.55862,48.13926;
27739942,11.56512,48.16181;
27740891,11.57214,48.16193;
27740917,11.57285,48.16105;
27741060,11.56889,48.16267;
27741070,11.56869,48.16200;
27741629,11.57270,48.16304;
27741655,11.57311,48.16322;
27741669,11.57384,48.16339;
27741695,11.57128,48.16496;
27741697,11.57241,48.16479;
27741721,11.56982,48.16507;
27741770,11.57139,48.16456;
27742333,11.57757,48.16129;
27742468,11.57762,48.16201;
27742558,11.57970,48.16117;
27744774,11.58427,48.16345;
27744785,11.58394,48.16349;
27744793,11.58216,48.16381;
27744798,11.58132,48.16194;
27745850,11.58117,48.16575;
27745853,11.58108,48.16509;
27783436,11.57369,48.12745;
27783668,11.56759,48.12968;
27783669,11.56807,48.13003;
27783670,11.56716,48.12946;
27783671,11.56730,48.12907;
27783672,11.56730,48.12831;
27783838,11.56678,48.12625;
27784026,11.56561,48.13226;
27784027,11.56532,48.13243;
27784064,11.56479,48.13094;
27784085,11.56585,48.13074;
27784087,11.56417,48.12989;
27784211,11.56225,48.12962;
27784212,11.56250,48.13006;
27784215,11.56318,48.12831;
27784229,11.56251,48.13056;
27784230,11.56251,48.13109;
27784231,11.56104,48.12943;
27784292,11.56139,48.12443;
27784293,11.56104,48.12406;
27784294,11.55943,48.12264;
27784295,11.55752,48.12147;
27784465,11.55731,48.12131;
27786234,11.56367,48.13200;
27786235,11.56650,48.13135;
27786237,11.56621,48.13068;
27786238,11.56233,48.13139;
27786239,11.55996,48.13028;
27786241,11.56721,48.12968;
27786243,11.56717,48.12936;
27786247,11.57067,48.12844;
27790741,11.55582,48.13471;
27790745,11.55583,48.13476;
27790749,11.55357,48.13370;
277921540,11.58076,48.13902;
277930371,11.57665,48.14484;
277937401,11.57587,48.14360;
277937402,11.57593,48.14367;
277937404,11.57602,48.14367;
277937406,11.57644,48.14357;
277937407,11.57653,48.14357;
278492857,11.56915,48.14239;
279848603,11.57431,48.13293;
280131753,11.58501,48.13728;
280131852,11.58649,48.13713;
280133171,11.58487,48.13788;
280147879,11.58610,48.13533;
280148775,11.58673,48.13822;
280148776,11.58674,48.13804;
28090066,11.56787,48.16266;
28090144,11.57305,48.16181;
28090146,11.57382,48.16167;
28090410,11.57989,48.16207;
28090739,11.58203,48.16579;
28090749,11.58263,48.16536;
28090804,11.58429,48.16314;
28092161,11.57487,48.16179;
28092163,11.57499,48.16114;
28092164,11.58152,48.16257;
28092165,11.58571,48.16191;
28092166,11.57706,48.16366;
28092168,11.57947,48.16395;
28092169,11.57141,48.16387;
28092170,11.56947,48.16407;
28092172,11.57438,48.16450;
28092173,11.58637,48.16515;
28092174,11.56666,48.16171;
28092175,11.56520,48.16344;
28092478,11.56584,48.15592;
28093500,11.55111,48.15540;
28093501,11.55092,48.15528;
28093502,11.54869,48.15544;
28093505,11.54683,48.15698;
28093514,11.54774,48.15621;
28093518,11.54925,48.15699;
28093526,11.54389,48.15544;
28093528,11.54543,48.15361;
28093531,11.54365,48.15524;
28093533,11.54445,48.15441;
28094200,11.54989,48.15737;
28094206,11.54891,48.15818;
28094209,11.54239,48.15328;
28096034,11.58601,48.14359;
28096036,11.58745,48.14333;
28096181,11.59386,48.14039;
28096182,11.59345,48.14204;
28096259,11.58922,48.13930;
28096278,11.58714,48.13956;
28096293,11.58673,48.14011;
28096298,11.58699,48.13927;
28096299,11.58674,48.13839;
28096300,11.58503,48.13931;
28096325,11.58978,48.14099;
28096326,11.59029,48.14217;
28096339,11.58794,48.13794;
28096340,11.58772,48.13786;
28096341,11.58761,48.13752;
28096343,11.58775,48.13737;
28096344,11.58834,48.13726;
28096348,11.58853,48.13733;
28096349,11.58868,48.13767;
28096350,11.58854,48.13780;
28096964,11.58827,48.13788;
28096967,11.58799,48.13727;
28097163,11.59595,48.14809;
28097231,11.59129,48.13272;
28097234,11.59130,48.13228;
28097238,11.59084,48.13223;
28097330,11.59025,48.13123;
28097333,11.59398,48.12863;
28097502,11.58290,48.13389;
28097506,11.58388,48.13293;
28097554,11.59523,48.12633;
28100211,11.54161,48.16413;
28100215,11.54003,48.16507;
28100235,11.53996,48.16724;
28105175,11.54550,48.16538;
28105177,11.54290,48.16504;
28105179,11.54363,48.16506;
28105180,11.54440,48.16463;
28105187,11.54282,48.16340;
28105860,11.54418,48.16084;
28105875,11.54284,48.16045;
28105882,11.54155,48.15995;
28105884,11.54120,48.15965;
28105891,11.54103,48.15964;
28105900,11.54106,48.15924;
28105909,11.54323,48.15964;
28105914,11.54391,48.15963;
28105924,11.54457,48.15964;
28105942,11.54054,48.15965;
28105959,11.54042,48.16028;
28105962,11.54007,48.16113;
28105964,11.53912,48.16113;
28105966,11.53910,48.15967;
28105976,11.54452,48.16011;
28105978,11.54430,48.16063;
28106145,11.53937,48.15836;
28106146,11.53905,48.15862;
28106152,11.53881,48.15920;
28106205,11.53879,48.15967;
28106224,11.54308,48.16010;
28106225,11.54236,48.16078;
28106226,11.54155,48.16128;
28106231,11.54143,48.15906;
28106232,11.54220,48.15844;
28106240,11.54391,48.15927;
28106353,11.53862,48.15804;
28106356,11.53972,48.15712;
28106359,11.54038,48.15746;
28106390,11.53849,48.15650;
28106397,11.53856,48.15578;
28106398,11.53855,48.15509;
28106415,11.53779,48.15628;
28106440,11.54329,48.15902;
28106452,11.54643,48.15957;
282041534,11.57898,48.16550;
282327759,11.58062,48.14586;
282328095,11.58278,48.14622;
282329241,11.57908,48.14413;
282329412,11.57740,48.14640;
282329448,11.57736,48.14633;
282329449,11.57723,48.14631;
282335059,11.57558,48.14128;
282335659,11.57432,48.14058;
282337272,11.57592,48.13923;
282337591,11.57708,48.13895;
282337682,11.57675,48.13805;
282338881,11.57973,48.13829;
282339591,11.57979,48.13642;
282339866,11.57988,48.13667;
282340332,11.57861,48.13618;
282340539,11.57703,48.13817;
282340760,11.57555,48.13831;
282341283,11.57998,48.13500;
282341977,11.57719,48.13662;
282994405,11.57280,48.14348;
282994407,11.57134,48.14305;
282994409,11.57239,48.14339;
282994414,11.57254,48.14343;
282995137,11.56846,48.14216;
282995138,11.56923,48.14168;
283000385,11.56855,48.14211;
283000386,11.56891,48.14245;
283000392,11.56932,48.14243;
283000394,11.56891,48.14188;
283000399,11.56771,48.14208;
283000401,11.56630,48.14097;
28300476,11.54626,48.13042;
28300478,11.54601,48.13004;
283006850,11.54730,48.13063;
283103747,11.55943,48.14269;
283103749,11.55837,48.14217;
283112640,11.56508,48.13655;
283142110,11.55364,48.12593;
283142114,11.55571,48.12620;
283538629,11.56483,48.13802;
28448459,11.54155,48.13374;
28465853,11.58539,48.13418;
28466589,11.58816,48.13543;
28466847,11.58352,48.13498;
28467350,11.58097,48.13698;
28467354,11.58205,48.13738;
28467761,11.58081,48.13669;
28467769,11.58109,48.13646;
28467776,11.58165,48.13610;
28467794,11.58249,48.13564;
28467882,11.58328,48.13706;
28467895,11.58331,48.13665;
285911593,11.55532,48.16134;
285913072,11.56447,48.14680;
285913073,11.56427,48.14650;
285913074,11.56435,48.14662;
285915624,11.57328,48.14220;
286054315,11.55323,48.16113;
287656,11.53881,48.15487;
287664,11.53855,48.15303;
287666,11.53820,48.15243;
287667,11.53807,48.15199;
28781152,11.58322,48.13474;
28781162,11.58534,48.13432;
28781360,11.58736,48.13471;
28785280,11.57263,48.14511;
28785281,11.57310,48.14586;
28792807,11.59449,48.14540;
28792809,11.59421,48.14406;
28793019,11.59408,48.14739;
28793021,11.59464,48.14790;
28793575,11.60279,48.14822;
28793578,11.60289,48.14794;
28793581,11.60285,48.14760;
29030021,11.55574,48.12455;
29030274,11.55013,48.12644;
29030390,11.55844,48.12646;
29030749,11.56683,48.13344;
29030841,11.56703,48.13250;
29030842,11.56707,48.13261;
29030843,11.56716,48.13268;
29030845,11.56697,48.13240;
29030846,11.56821,48.13284;
29030848,11.56823,48.13278;
29030849,11.56817,48.13270;
29031003,11.56865,48.13244;
29031284,11.56707,48.12720;
29031285,11.56749,48.12783;
29031286,11.56692,48.12614;
29031288,11.56588,48.12645;
29031290,11.56707,48.12786;
29031291,11.56646,48.12704;
29031830,11.57559,48.12837;
29031832,11.57418,48.12734;
29031835,11.57456,48.12693;
29031837,11.57290,48.12677;
290826814,11.55284,48.12663;
290826818,11.56004,48.13022;
290826819,11.56513,48.13266;
291103850,11.58992,48.14007;
291103855,11.58630,48.14151;
291103872,11.58518,48.14269;
291364357,11.59046,48.14258;
291365247,11.58946,48.13756;
291365248,11.59009,48.13736;
291365365,11.58356,48.14156;
291365367,11.58402,48.14255;
291642166,11.58651,48.14065;
291642194,11.58667,48.14017;
291642203,11.58570,48.14147;
291642212,11.58659,48.14036;
291642268,11.59373,48.14269;
291642269,11.59386,48.14267;
291642271,11.59414,48.14263;
291642273,11.59421,48.14270;
291642292,11.59429,48.14299;
291642294,11.59464,48.14400;
291642296,11.59400,48.14349;
291642299,11.58699,48.13933;
291716692,11.56881,48.14248;
291887236,11.54852,48.14272;
291887239,11.54675,48.14853;
291898684,11.59505,48.14877;
291898686,11.59518,48.14884;
292252599,11.58510,48.14254;
292252614,11.58593,48.14150;
292270930,11.59449,48.14357;
292596851,11.57965,48.14400;
29265996,11.59267,48.12668;
29269735,11.57350,48.12210;
29271473,11.53888,48.17052;
29271474,11.53916,48.17052;
292867346,11.57368,48.13404;
292922895,11.56473,48.13995;
292929894,11.57376,48.13998;
292929902,11.57347,48.13990;
292940279,11.58024,48.13909;
292940285,11.58758,48.13769;
292955632,11.59814,48.13442;
292955638,11.59814,48.13192;
293544171,11.58392,48.13297;
293544174,11.58296,48.13390;
293729468,11.58274,48.13384;
293729469,11.58345,48.13298;
293898945,11.54499,48.16933;
293898946,11.54484,48.16927;
293898948,11.54591,48.16830;
293899001,11.54531,48.16946;
293899444,11.54576,48.16825;
294721503,11.58692,48.13812;
294721506,11.58687,48.13802;
294721509,11.58680,48.13800;
294721512,11.58678,48.13792;
294721514,11.58673,48.13816;
29507529,11.57800,48.12614;
29507530,11.57747,48.12577;
29507531,11.57691,48.12539;
29507532,11.57629,48.12475;
29507533,11.57510,48.12326;
29507534,11.57476,48.12294;
29510038,11.57435,48.12264;
29510043,11.57397,48.12241;
295110,11.56837,48.13256;
29511199,11.58109,48.12782;
295112,11.57035,48.13179;
295113,11.57095,48.13191;
295114,11.57360,48.13346;
295122,11.58194,48.13491;
295124,11.58283,48.13386;
295142,11.56122,48.13932;
295189,11.54167,48.13955;
295209,11.54970,48.13760;
29533451,11.57928,48.12672;
29533633,11.59287,48.12544;
29533634,11.59287,48.12616;
29533635,11.59283,48.12643;
29533714,11.57918,48.12680;
29533715,11.58010,48.12728;
29533716,11.58177,48.12639;
29533717,11.58078,48.12574;
29535577,11.57242,48.12664;
29535578,11.57278,48.12680;
29553391,11.58212,48.13751;
29553392,11.58117,48.13831;
29553826,11.58346,48.13484;
29559976,11.57187,48.14391;
29559980,11.56999,48.14591;
29560441,11.56227,48.14805;
29560447,11.55930,48.14893;
29586739,11.58450,48.12702;
29586740,11.58431,48.12680;
29586741,11.58410,48.12659;
29586838,11.58481,48.12680;
29586839,11.58479,48.12664;
29588394,11.58520,48.12600;
29588398,11.58543,48.12632;
29588402,11.58466,48.12615;
29588405,11.58419,48.12720;
29588408,11.58388,48.12636;
29588460,11.58732,48.12907;
29588461,11.58689,48.12974;
29588464,11.58719,48.13018;
29588468,11.58762,48.13077;
29588470,11.58737,48.13037;
295999349,11.56781,48.14240;
296004110,11.55970,48.14481;
296231135,11.57571,48.15035;
296231137,11.58488,48.15718;
29625075,11.58465,48.12681;
29625077,11.58493,48.12765;
296454078,11.58945,48.13585;
29688129,11.58547,48.12706;
29742880,11.57156,48.13970;
29743267,11.57537,48.14306;
29743268,11.57536,48.14267;
297812333,11.55745,48.13923;
297812335,11.55742,48.13749;
297832837,11.56369,48.13198;
297832839,11.56237,48.13133;
297832841,11.56312,48.13171;
297832843,11.55848,48.12949;
297891333,11.59391,48.12856;
298505252,11.58956,48.13680;
298608001,11.57573,48.16463;
29861235,11.58745,48.16447;
29866527,11.53751,48.15624;
29866530,11.53767,48.15625;
298720050,11.58018,48.13581;
298720766,11.58170,48.13494;
299650489,11.55431,48.15801;
299650490,11.55507,48.15841;
299808676,11.58967,48.13979;
300245957,11.58417,48.13984;
300245959,11.58311,48.14108;
300245969,11.58287,48.14120;
300246388,11.58303,48.14117;
300668560,11.58002,48.16804;
301008067,11.57582,48.13700;
301008068,11.57596,48.13708;
301008212,11.57605,48.13707;
301368285,11.58706,48.13969;
301922798,11.58678,48.13772;
301922953,11.58505,48.13841;
301977433,11.56095,48.17013;
302684401,11.54663,48.14273;
302684477,11.54696,48.14287;
302685400,11.54688,48.14275;
302714901,11.54811,48.14275;
302714903,11.54849,48.14254;
302714904,11.54825,48.14255;
302715923,11.54425,48.14398;
302721332,11.54542,48.14423;
302721333,11.54545,48.14433;
302741837,11.54704,48.14335;
302746489,11.55740,48.14188;
302747012,11.56042,48.14131;
303131587,11.55077,48.16637;
303134719,11.54758,48.14278;
303134748,11.54547,48.14280;
303137074,11.54676,48.14272;
303156814,11.55057,48.14367;
303158765,11.55261,48.14430;
303158767,11.55345,48.14404;
303192839,11.55250,48.14453;
303192840,11.55240,48.14439;
303192841,11.55234,48.14434;
303192843,11.55225,48.14433;
303192844,11.55214,48.14434;
303192845,11.55086,48.14477;
303455157,11.56665,48.14538;
303455164,11.56383,48.14583;
303455184,11.56636,48.14496;
303455189,11.56372,48.14567;
303764464,11.53844,48.14719;
304349990,11.57106,48.14057;
304578469,11.58852,48.12944;
304578616,11.58895,48.13003;
305467726,11.56356,48.13422;
305467729,11.56154,48.13425;
305491143,11.55276,48.16322;
305506463,11.56282,48.13208;
305544682,11.56475,48.14602;
305544684,11.56465,48.14588;
30564380,11.60280,48.16979;
30564381,11.60552,48.17276;
30564383,11.60733,48.17497;
30564385,11.60870,48.17658;
305750711,11.58648,48.13708;
306215630,11.60130,48.13189;
306521636,11.58695,48.13913;
307678632,11.56943,48.14432;
307678635,11.56950,48.14513;
307678641,11.56884,48.14443;
307678654,11.56887,48.14429;
307678662,11.56903,48.14437;
307678665,11.56892,48.14433;
307678666,11.56888,48.14435;
307678669,11.56897,48.14436;
307678671,11.56887,48.14439;
307678692,11.56949,48.14508;
307678693,11.56947,48.14510;
307678702,11.56951,48.14500;
307678703,11.56935,48.14507;
307678704,11.56950,48.14504;
307678706,11.56942,48.14508;
307678717,11.56944,48.14440;
307678718,11.56938,48.14436;
307678719,11.56942,48.14437;
30860458,11.53940,48.16919;
30860487,11.53937,48.16958;
30860492,11.53943,48.16995;
30860500,11.53949,48.17030;
30860507,11.53980,48.16845;
30959001,11.57346,48.14207;
30959079,11.57688,48.13786;
30959080,11.57541,48.13835;
30959172,11.57777,48.13770;
30959211,11.57643,48.14109;
30975715,11.54097,48.15606;
30975716,11.53965,48.15708;
30975751,11.53904,48.15607;
30975895,11.54346,48.15736;
30975900,11.54518,48.15830;
30975997,11.54688,48.15983;
30976052,11.54722,48.15884;
30976053,11.54754,48.15868;
30976054,11.54776,48.15872;
30976055,11.54805,48.15888;
30976368,11.54143,48.16329;
30976785,11.54879,48.15322;
30976789,11.54999,48.15389;
30976828,11.54771,48.15487;
30976863,11.54560,48.14873;
30977092,11.54695,48.14281;
309857388,11.54712,48.14387;
30986864,11.54003,48.16217;
309888584,11.59809,48.13231;
309888618,11.59804,48.13301;
309889867,11.55040,48.14324;
309890117,11.55281,48.14273;
309890165,11.55406,48.14249;
30989153,11.55173,48.15481;
30996693,11.54682,48.15921;
30996694,11.54693,48.15912;
30996748,11.54714,48.15455;
31031638,11.60372,48.15358;
31031652,11.60152,48.15025;
31031653,11.60109,48.15042;
31047053,11.60173,48.15004;
31047327,11.60093,48.15048;
31047328,11.60230,48.14873;
310751726,11.56373,48.13806;
311617306,11.54940,48.13047;
311617309,11.54979,48.13045;
311617319,11.55021,48.13041;
312112910,11.58767,48.12778;
312385385,11.58807,48.16152;
312385387,11.58765,48.16086;
312766903,11.55059,48.13039;
31297405,11.54324,48.15057;
31297413,11.54273,48.14936;
31297504,11.53905,48.15138;
31297505,11.53850,48.15017;
313917477,11.58603,48.17118;
315269429,11.54588,48.12641;
315845254,11.57034,48.16653;
315919385,11.55917,48.14855;
315935231,11.54796,48.14828;
315969669,11.54888,48.14810;
315969670,11.55014,48.14785;
31863456,11.58329,48.14156;
31873661,11.56884,48.14135;
31947182,11.59990,48.14898;
31947212,11.59992,48.14922;
31947298,11.60012,48.14935;
31947314,11.60095,48.14982;
320083702,11.58143,48.14154;
320083704,11.58209,48.14138;
32053394,11.57089,48.13584;
32053498,11.57122,48.13561;
32053576,11.57168,48.13581;
32053577,11.57213,48.13524;
32053841,11.56816,48.13579;
320958778,11.58661,48.15689;
320958779,11.58657,48.15700;
320958780,11.58665,48.15692;
320958781,11.58661,48.15699;
320958782,11.58655,48.15697;
320958783,11.58656,48.15689;
322027001,11.54542,48.14427;
323818686,11.58726,48.16958;
324229250,11.57725,48.16634;
324293713,11.56024,48.16147;
324293761,11.56034,48.16184;
324306185,11.55910,48.16339;
324550762,11.54534,48.12933;
324550768,11.54616,48.13194;
324550803,11.55321,48.13019;
324550812,11.55076,48.12583;
324556326,11.54468,48.12778;
324556335,11.54304,48.12606;
324557266,11.54784,48.12673;
324559743,11.54537,48.12936;
324559745,11.54615,48.13192;
324684384,11.54740,48.12666;
324684390,11.54754,48.12678;
324695535,11.54461,48.12779;
324697321,11.54974,48.12692;
324697324,11.55122,48.12762;
324697326,11.55241,48.12854;
324697334,11.55342,48.13016;
324697339,11.55373,48.13201;
324699243,11.55259,48.13489;
324699264,11.54769,48.13564;
324707282,11.54299,48.12609;
325847355,11.54616,48.12655;
326538560,11.54553,48.12953;
326538564,11.54615,48.13186;
326538629,11.55318,48.13019;
32920601,11.58482,48.13930;
32920659,11.58700,48.13981;
330049423,11.54147,48.15977;
330049424,11.54148,48.15990;
330049682,11.54159,48.15965;
330049836,11.54151,48.15970;
330049837,11.54146,48.15983;
330050122,11.54542,48.15963;
330050126,11.54585,48.15962;
330051038,11.54651,48.15961;
330051523,11.54016,48.16100;
330051900,11.54085,48.15964;
330053285,11.54141,48.15983;
330122134,11.58603,48.12816;
330854068,11.55946,48.14140;
330918848,11.59617,48.13447;
330927214,11.58766,48.13150;
330927216,11.58768,48.13153;
330927218,11.58779,48.13161;
330929124,11.58780,48.13119;
330929127,11.58775,48.13125;
330929130,11.58768,48.13128;
330929133,11.58760,48.13130;
330929136,11.58761,48.13142;
330929145,11.59021,48.13121;
331036086,11.54830,48.17043;
331036554,11.54830,48.17032;
331036555,11.54819,48.17039;
331128680,11.55950,48.14149;
331133371,11.56067,48.13406;
331133382,11.56699,48.14045;
331133383,11.56698,48.14043;
331133389,11.56547,48.12596;
331133916,11.56819,48.14192;
331139686,11.56246,48.13853;
331139687,11.56376,48.13842;
331139688,11.56491,48.13833;
331142477,11.56636,48.14054;
331142730,11.56909,48.14100;
332544429,11.56033,48.14239;
332544449,11.56039,48.14224;
332544458,11.55976,48.14134;
332545058,11.55852,48.14157;
332545061,11.55937,48.14141;
332545080,11.55778,48.14181;
332545081,11.55777,48.14172;
332702996,11.58029,48.13206;
332703030,11.58023,48.13218;
332725227,11.56534,48.12957;
332727522,11.55113,48.13905;
332727724,11.55109,48.13963;
332727725,11.55114,48.13986;
332727726,11.55141,48.14033;
332790690,11.57144,48.14136;
332791988,11.57809,48.14385;
332791989,11.57784,48.14331;
333187530,11.56642,48.13110;
333218912,11.59184,48.16179;
333218964,11.59217,48.16071;
335168171,11.53929,48.13681;
335168182,11.53951,48.13804;
335168185,11.53921,48.13803;
335427482,11.53937,48.13570;
335427494,11.53992,48.13673;
335559715,11.54748,48.15742;
335559777,11.54954,48.15725;
335708384,11.53745,48.13253;
335741160,11.54720,48.15886;
335741164,11.54831,48.15786;
335743359,11.54621,48.15666;
338458897,11.58152,48.13568;
339109935,11.55844,48.12665;
339957289,11.56932,48.13805;
339957290,11.57140,48.13774;
340027066,11.57573,48.13181;
340075407,11.56812,48.13388;
340077562,11.56817,48.13581;
340078514,11.56676,48.13655;
340078517,11.56848,48.13623;
340079734,11.56895,48.13755;
340079737,11.57118,48.13738;
340082597,11.57586,48.13925;
340093061,11.56689,48.13347;
340093062,11.56684,48.13347;
340093063,11.56680,48.13349;
340180313,11.56811,48.13383;
340181018,11.57495,48.13507;
340375294,11.58955,48.13158;
341095878,11.57276,48.13628;
341288703,11.56735,48.13473;
341288707,11.56697,48.13491;
341288710,11.56697,48.13490;
341292854,11.57002,48.13513;
341299269,11.57112,48.13484;
341299271,11.57058,48.13536;
341299669,11.57222,48.13525;
341303154,11.57190,48.13521;
342223697,11.56693,48.13500;
342229469,11.56649,48.13593;
342230488,11.56644,48.13612;
342234751,11.56664,48.13703;
342234838,11.56607,48.13683;
342236234,11.56487,48.13635;
342236238,11.56485,48.13643;
342238120,11.56971,48.13738;
342238135,11.56976,48.13736;
342243832,11.57260,48.13699;
342244970,11.57286,48.13679;
342246643,11.57513,48.13635;
342246661,11.57509,48.13633;
342247781,11.56807,48.13307;
342320390,11.56665,48.13552;
342320394,11.56710,48.13557;
342320399,11.56689,48.13596;
342320403,11.56681,48.13614;
342326627,11.56672,48.13799;
342329444,11.57454,48.13532;
342329449,11.57377,48.13557;
342330626,11.57064,48.13595;
342330785,11.56872,48.13450;
342339691,11.56911,48.14123;
342340721,11.56660,48.13750;
342344557,11.57729,48.13723;
342837940,11.56604,48.13414;
342912708,11.56496,48.13647;
342912711,11.56498,48.13634;
343726947,11.57342,48.13573;
343728168,11.57478,48.13479;
343728170,11.57449,48.13457;
343728485,11.57379,48.13412;
343735121,11.57808,48.13500;
343741969,11.58157,48.13375;
343741971,11.58162,48.13343;
344306663,11.56442,48.14004;
344308564,11.56011,48.13839;
344316682,11.56092,48.14064;
344317030,11.56032,48.14124;
344319629,11.56089,48.13996;
344325307,11.57468,48.13381;
344328704,11.58217,48.13519;
344597896,11.59050,48.14269;
35828727,11.58613,48.16952;
361775,11.56636,48.14063;
361779,11.56146,48.14218;
361780,11.56043,48.14257;
361791,11.55892,48.14693;
361793,11.56536,48.13798;
361794,11.56459,48.13631;
361796,11.56594,48.13793;
361797,11.56659,48.13797;
361798,11.56671,48.13656;
361800,11.55894,48.14834;
361814,11.54105,48.16373;
363162,11.57832,48.12634;
363166,11.57330,48.13001;
363169,11.57161,48.13133;
363173,11.56540,48.13973;
363174,11.56523,48.13979;
363179,11.56145,48.14092;
363191,11.55182,48.14740;
363192,11.55203,48.14755;
363194,11.55254,48.14878;
363196,11.54682,48.14986;
363197,11.54465,48.15029;
363199,11.54510,48.15117;
363200,11.54641,48.15187;
363204,11.55251,48.15522;
363205,11.55168,48.15305;
363206,11.55386,48.15426;
363210,11.53985,48.15541;
363212,11.54231,48.16297;
363213,11.54217,48.16284;
363214,11.54300,48.16233;
363215,11.54380,48.16184;
363216,11.54503,48.16109;
36662764,11.54515,48.16128;
36662809,11.54727,48.16186;
36662810,11.54749,48.16172;
36662811,11.54767,48.16162;
36662812,11.54787,48.16157;
36662813,11.54813,48.16160;
36662814,11.54837,48.16163;
36662815,11.54846,48.16169;
36662816,11.54947,48.16082;
36662875,11.55077,48.16146;
36662904,11.55073,48.16222;
36662905,11.55022,48.16267;
36662906,11.54951,48.16329;
36662967,11.55052,48.16282;
36662968,11.55060,48.16306;
36662969,11.55070,48.16339;
36662970,11.55076,48.16358;
36662972,11.55093,48.16368;
36663173,11.54261,48.16483;
36663204,11.54244,48.16364;
36663269,11.54335,48.16439;
36663271,11.54464,48.16626;
36663365,11.54446,48.16607;
36663366,11.54491,48.16547;
36663367,11.54410,48.16479;
36663644,11.54395,48.16326;
36663645,11.54652,48.16168;
36663647,11.54404,48.16193;
36663663,11.54498,48.16263;
36663693,11.54324,48.16372;
36663874,11.54785,48.16233;
36663875,11.54761,48.16229;
36663876,11.54741,48.16216;
36663998,11.54719,48.16339;
36664005,11.54650,48.16294;
36664008,11.54562,48.16226;
36664676,11.54269,48.16926;
36664678,11.54385,48.16958;
36664747,11.54369,48.16763;
36664748,11.54301,48.16806;
36664749,11.54210,48.16795;
36664750,11.54103,48.16766;
36664751,11.54009,48.16749;
36664752,11.53996,48.16752;
36678783,11.58770,48.16398;
36716611,11.58163,48.17627;
36716692,11.57484,48.17020;
36716710,11.58238,48.17263;
36716711,11.58244,48.17233;
36716724,11.57862,48.16970;
36716725,11.58303,48.16896;
36716726,11.58471,48.16865;
36716739,11.58316,48.16930;
36716825,11.58431,48.17238;
36716928,11.58101,48.16991;
36716966,11.58222,48.16980;
36716967,11.58303,48.16982;
36717001,11.58441,48.16802;
36717010,11.58290,48.16898;
36717018,11.58265,48.16799;
36717019,11.58261,48.16716;
36717026,11.58439,48.16720;
36717033,11.58443,48.16672;
36717035,11.58496,48.16663;
36717038,11.58584,48.16647;
36717040,11.58627,48.16647;
36717053,11.58452,48.16556;
36856761,11.59188,48.16002;
38140637,11.57606,48.16466;
38140638,11.57707,48.16474;
38141007,11.57808,48.16481;
38141009,11.57941,48.16494;
38144228,11.57926,48.16578;
38144230,11.57722,48.16580;
38144231,11.57594,48.16584;
38144234,11.57267,48.16598;
38144239,11.57419,48.16591;
38148611,11.57934,48.16494;
38148621,11.57914,48.16660;
38151028,11.57729,48.16370;
38152434,11.57714,48.16580;
38152435,11.57735,48.16681;
38155990,11.57555,48.16588;
38156717,11.57588,48.16586;
38156718,11.57588,48.16699;
38157458,11.57602,48.16466;
38158003,11.57623,48.16359;
38159216,11.57831,48.16383;
38162301,11.57272,48.16626;
38162304,11.57015,48.16655;
38162316,11.57040,48.16743;
38165729,11.56654,48.16625;
38166488,11.56639,48.16531;
38167032,11.56746,48.16522;
38184799,11.56087,48.16510;
38187109,11.56089,48.16328;
38215529,11.56793,48.16198;
38218788,11.56945,48.16181;
38218817,11.56951,48.16196;
38220229,11.56791,48.16422;
398692,11.54151,48.14525;
398705,11.53859,48.14577;
398714,11.58226,48.13506;
398732,11.58451,48.13828;
398748,11.57872,48.13505;
398753,11.57956,48.13501;
398759,11.58683,48.13784;
41169382,11.59165,48.16016;
41169387,11.59150,48.16040;
41169393,11.59144,48.16076;
41169400,11.59061,48.16088;
41169406,11.59095,48.16082;
41169412,11.59113,48.16079;
428771,11.59514,48.12788;
428779,11.58789,48.13152;
428785,11.58354,48.13302;
428786,11.54137,48.15092;
45310085,11.58794,48.16374;
45321481,11.58908,48.16125;
45321487,11.59071,48.16341;
45329098,11.59060,48.16326;
45334604,11.58721,48.16227;
45334606,11.58760,48.16227;
45334607,11.58799,48.16227;
45334608,11.58848,48.16232;
45334612,11.58868,48.16235;
45334613,11.58891,48.16236;
45334619,11.58915,48.16236;
45334620,11.58931,48.16234;
45334623,11.58983,48.16223;
45334627,11.59010,48.16218;
45334628,11.59111,48.16195;
45334630,11.59289,48.16157;
45338551,11.59016,48.16267;
45341878,11.58820,48.16309;
45343108,11.59001,48.16358;
45343113,11.59292,48.16292;
45343892,11.59191,48.16072;
45343893,11.59250,48.16072;
45345775,11.59216,48.16011;
45345778,11.59233,48.16028;
45345781,11.59242,48.16049;
45345783,11.59269,48.16104;
45345786,11.59279,48.16129;
45345789,11.59297,48.16183;
45345790,11.59300,48.16205;
45345793,11.59298,48.16240;
45345796,11.59296,48.16252;
45345798,11.59293,48.16292;
45346331,11.59311,48.16321;
45346334,11.59328,48.16345;
45346336,11.59352,48.16368;
45346337,11.59378,48.16389;
45346340,11.59405,48.16409;
45346345,11.59439,48.16435;
45352927,11.58774,48.16436;
45353514,11.58769,48.16379;
45353710,11.58877,48.16533;
45354430,11.59038,48.16453;
45356301,11.58799,48.16453;
45356519,11.59015,48.16404;
45356889,11.58988,48.16339;
45358775,11.59092,48.16511;
45358777,11.59181,48.16599;
45360729,11.59127,48.15884;
45363860,11.59272,48.16682;
45363863,11.59378,48.16784;
45363866,11.59473,48.16875;
45363868,11.59542,48.16946;
45365180,11.59228,48.16862;
45365767,11.59318,48.16946;
45366376,11.59660,48.16789;
45366856,11.59370,48.16994;
45367308,11.59713,48.16903;
45368363,11.59384,48.17006;
45368365,11.59556,48.16963;
45368367,11.59720,48.16920;
45368702,11.59316,48.16531;
45369627,11.59449,48.16703;
45369628,11.59487,48.16748;
45369632,11.59591,48.16850;
45369640,11.59634,48.16923;
45369656,11.59571,48.16830;
45371718,11.59375,48.16610;
45371741,11.59456,48.16557;
45372758,11.59724,48.16635;
45372760,11.59790,48.16583;
45372763,11.59797,48.16576;
45372774,11.59847,48.16511;
45372775,11.59876,48.16492;
45377698,11.59754,48.17002;
45377700,11.59788,48.17042;
45377702,11.59842,48.17093;
45377719,11.59830,48.17159;
45377723,11.59800,48.17176;
45377727,11.59740,48.17207;
45377731,11.59657,48.17254;
45378153,11.59590,48.16659;
45378287,11.59672,48.17021;
45378288,11.59583,48.17048;
45378291,11.59469,48.17084;
45379904,11.59623,48.17093;
45385136,11.59929,48.16549;
45385141,11.60000,48.16635;
45385145,11.60060,48.16705;
45385148,11.60158,48.16813;
45385152,11.60214,48.16881;
45385154,11.60226,48.16901;
45385156,11.60255,48.16938;
45388922,11.59433,48.17105;
45388924,11.59396,48.17134;
45388925,11.59355,48.17177;
45388926,11.59324,48.17218;
45390614,11.59444,48.17334;
45420115,11.60096,48.15047;
472179,11.55966,48.17482;
472185,11.55865,48.17530;
472186,11.55932,48.17468;
49771403,11.57846,48.17027;
5071767,11.55116,48.12765;
5071771,11.55279,48.12668;
52611655,11.58218,48.17358;
52611661,11.58231,48.17294;
52616974,11.59509,48.16537;
52617764,11.59621,48.16701;
54785765,11.59277,48.17410;
54785766,11.59243,48.17424;
54785767,11.59212,48.17430;
54785769,11.59154,48.17428;
54785770,11.58985,48.17418;
54785772,11.58936,48.17417;
54785773,11.58851,48.17414;
54785774,11.58809,48.17413;
54785775,11.58797,48.17408;
54785776,11.58790,48.17397;
54785778,11.58790,48.17373;
54785779,11.58794,48.17298;
54785781,11.58786,48.17290;
54785782,11.58758,48.17263;
54786166,11.59299,48.17399;
54788210,11.58747,48.16463;
54788211,11.58785,48.16599;
54788212,11.58812,48.16685;
54788214,11.58822,48.16732;
54788216,11.58826,48.16768;
54788217,11.58831,48.16801;
54788219,11.58830,48.16837;
54788220,11.58823,48.16916;
54788228,11.58822,48.16741;
54788237,11.58816,48.16962;
54792792,11.58691,48.16835;
54792794,11.58856,48.16839;
54792795,11.58925,48.16841;
54792799,11.59019,48.16800;
54792817,11.58924,48.16717;
54792820,11.59127,48.16904;
54793498,11.59109,48.16912;
54793500,11.59081,48.16916;
54793502,11.59030,48.16926;
54793505,11.58989,48.16930;
54793506,11.58944,48.16935;
54794234,11.58790,48.16616;
54794236,11.58823,48.16611;
54794237,11.58858,48.16603;
54794238,11.58885,48.16595;
54794239,11.58909,48.16588;
54794634,11.57813,48.16788;
54794644,11.58114,48.16812;
54794663,11.57944,48.16799;
54794664,11.57934,48.16851;
54794665,11.57931,48.16883;
54794666,11.57934,48.16910;
54794668,11.57936,48.16934;
54794670,11.57942,48.16956;
54794675,11.58007,48.16946;
54794677,11.58011,48.16973;
54794680,11.58011,48.16998;
54794682,11.58007,48.17021;
54794684,11.57996,48.17047;
54794942,11.57765,48.16958;
54794943,11.57707,48.16958;
54794944,11.57658,48.16957;
54794945,11.57603,48.16940;
54794947,11.57597,48.16923;
54794948,11.57586,48.16893;
54794949,11.57582,48.16879;
54794950,11.57570,48.16825;
54794951,11.57559,48.16787;
54794953,11.57556,48.16757;
54794989,11.57438,48.17273;
54794993,11.57461,48.17153;
54794994,11.57471,48.17089;
54795014,11.57447,48.17086;
54795060,11.58288,48.16796;
54795063,11.58349,48.16790;
54795064,11.58363,48.16789;
54795066,11.58365,48.16805;
54795101,11.58382,48.16883;
54795102,11.58395,48.16917;
54795103,11.58404,48.16939;
54795104,11.58404,48.16954;
54795125,11.58305,48.16970;
54795128,11.58325,48.16971;
54795129,11.58373,48.16975;
54795131,11.58396,48.16977;
54795133,11.58424,48.16979;
54795135,11.58461,48.16982;
54795136,11.58289,48.17028;
54795137,11.58322,48.17031;
54795139,11.58394,48.17036;
54795141,11.58453,48.17040;
54795152,11.58455,48.17027;
54795153,11.58505,48.17028;
54795154,11.58593,48.17034;
564537,11.59871,48.14115;
564568,11.58855,48.14311;
564686,11.57559,48.14573;
564777,11.56899,48.14150;
564858,11.56127,48.14181;
564859,11.56131,48.14095;
564860,11.56127,48.14028;
5889550,11.54244,48.12867;
5889551,11.54320,48.12938;
5889552,11.54408,48.12786;
60124265,11.57752,48.17014;
60124339,11.57798,48.17020;
60124634,11.57707,48.17013;
60124647,11.58004,48.17048;
60144550,11.58251,48.17198;
60145788,11.58057,48.17055;
6577970,11.54310,48.12603;
6577971,11.54078,48.12714;
6577972,11.54009,48.12655;
6577975,11.54568,48.12612;
6578727,11.58641,48.16332;
6578728,11.58506,48.16343;
6578729,11.58482,48.16344;
6578730,11.58505,48.16439;
6578732,11.58453,48.16436;
6729631,11.57725,48.17013;
6730025,11.57295,48.14001;
6730027,11.57247,48.13930;
6730030,11.56919,48.14001;
6730034,11.57278,48.13407;
6730035,11.56122,48.15440;
6730036,11.56377,48.15372;
6730038,11.56602,48.15394;
6730040,11.55817,48.15532;
6730042,11.55720,48.15610;
684589,11.59930,48.14164;
684590,11.59960,48.14221;
684591,11.60017,48.14379;
684592,11.60133,48.14366;
684594,11.60254,48.14554;
685297,11.57987,48.13185;
685298,11.58135,48.13326;
7055048,11.53520,48.13492;
75887510,11.60169,48.16656;
75887512,11.60266,48.16765;
75887695,11.59857,48.16793;
75887960,11.59845,48.16698;
75888621,11.60016,48.16785;
75888623,11.59953,48.16809;
75890848,11.60193,48.16904;
75890849,11.60175,48.16905;
75890851,11.60145,48.16913;
75890852,11.60111,48.16928;
75890853,11.60080,48.16951;
75890854,11.60056,48.16968;
75891643,11.60021,48.17056;
75893351,11.60321,48.16826;
75893352,11.60355,48.16855;
75893354,11.60372,48.16879;
75901926,11.59981,48.16739;
75901931,11.59920,48.16765;
75910679,11.60334,48.17038;
75910683,11.60381,48.16920;
75914452,11.59737,48.16321;
75916151,11.58946,48.16951;
75916160,11.58949,48.16972;
76688882,11.54483,48.12958;
7982816,11.58442,48.17106;
7982817,11.58582,48.17115;
7983325,11.57520,48.15400;
7983327,11.57383,48.15437;
7983328,11.57336,48.15365;
7983329,11.56582,48.15565;
7983331,11.57125,48.15723;
7983333,11.57624,48.15497;
7983334,11.57786,48.15314;
7983335,11.57955,48.15190;
7983336,11.57811,48.14965;
7983337,11.58006,48.15266;
7983338,11.58002,48.16279;
7983339,11.58363,48.16226;
7983340,11.57985,48.16191;
7983342,11.56555,48.15319;
7983343,11.56813,48.15247;
7983352,11.59455,48.16462;
7984976,11.56961,48.15473;
79908546,11.59507,48.14649;
82732145,11.57999,48.14919;
82733576,11.57977,48.15707;
82735221,11.58017,48.15702;
82759739,11.58097,48.14082;
82759977,11.58057,48.13988;
82760273,11.58081,48.14044;
82762607,11.58255,48.14127;
82765223,11.58268,48.14042;
83090936,11.57431,48.13602;
83102029,11.57048,48.13402;
90197915,11.56314,48.13632;
90244113,11.54616,48.13201;
94887241,11.53821,48.13318;
94887244,11.53974,48.13303;
94887246,11.53825,48.13403;
