100201006299
100201006301
100201006306
100201006308
100201006317
100201006324
100201006325
100201006327
100201006333
100201006335
100201006336
100201006342
100201006346
100201006351
100201006352
100201006356
100201006360
100201006361
100201006364
100201006367
100201006369
100201006374
100201006381
100201006383
100201006386
100201006388
100201006389
100201006390
100201006391
100201006393
100201006395
100201006399
100201006401
100201006402
100201006404
100201006405
100201006407
100201006411
100201006412
100201006413
100201006414
100201006415
100201006418
100201006419
100201006422
100201006425
100201006426
100201006427
100201006428
100201006430
